ID	adj.P.Val	P.Value	t	B	logFC	GENE_SYMBOL	AveExpr	RANGE_STRAND
7934906	7934906	0.000031993792790609	0.00000000159754975489451	78.3875146064806	11.3462355157047	1.16873315885441	ACTA2	3.02080032767155	-
8113800	8113800	0.000031993792790609	0.00000000276150281679688	70.8847327827072	11.2238101651359	0.983605146221517	FBN2	2.89828388624534	-
7935058	7935058	0.000031993792790609	0.00000000371683808259677	67.1166723596456	11.1486367213746	1.19727688555265	MYOF	2.79793296773731	-
8024111	8024111	0.000031993792790609	0.00000000461374687253004	64.5013093861881	11.0897858476175	0.787656423991379	CNN2	3.11123485666751	+
8135594	8135594	0.000031993792790609	0.00000000616627353475722	61.1510539066916	11.0050211058201	1.4606376938731	CAV1	2.93063031607396	+
7988467	7988467	0.000031993792790609	0.00000000700648314778963	59.7311940673781	10.9654981766589	1.27369671780298	FBN1	2.74886503828245	-
8089544	8089544	0.000031993792790609	0.00000000756745472078159	58.8910364525356	10.9410010328616	1.15264764975907	CCDC80	2.81510406033808	-
8120719	8120719	0.000031993792790609	0.00000000893041195464241	57.1242782254873	10.886593538997	1.35453443059901	CD109	2.56668592165988	+
8058765	8058765	0.000031993792790609	0.0000000105896959463054	55.3613365409447	10.8280759944976	1.25796173313953	FN1	2.94121173076398	-
8112139	8112139	0.000031993792790609	0.0000000110526943886717	54.9272430063919	10.8129711586178	1.47196964862805	IL6ST	2.6323748363139	-
8115327	8115327	0.000031993792790609	0.0000000123974412618798	53.779233612458	10.7716156365355	1.3611437562607	SPARC	2.98492681995276	-
7982597	7982597	0.000031993792790609	0.0000000138896189058799	52.6664219017541	10.7294756130851	0.731008493024938	THBS1	3.14871248284551	+
8089835	8089835	0.000031993792790609	0.0000000162891181100798	51.1446452174525	10.6683365211353	1.12619027692972	FSTL1	2.90960488471025	-
8016646	8016646	0.000031993792790609	0.0000000168089421077238	50.849868468293	10.6559976591688	0.76712485009585	COL1A1	3.1659960419238	-
8172043	8172043	0.000031993792790609	0.0000000173932025767529	50.531163852426	10.6424686327346	0.501285192074611	SRPX	3.1832492958472	-
8041447	8041447	0.000031993792790609	0.00000001798834789035	50.2192889811591	10.6290364234243	0.809490744963218	CRIM1	2.95992226101637	+
8138888	8138888	0.000031993792790609	0.0000000188196803648547	49.8035105439973	10.6108260076365	1.12012703427794	PDE1C	2.74943315241454	-
8090162	8090162	0.000031993792790609	0.0000000191669372691975	49.6362240436638	10.6033996799567	0.732522628455686	ITGB5	2.85342873689749	-
8136347	8136347	0.000031993792790609	0.0000000207874028836604	48.9003763533732	10.5700379727659	1.06979000745829	CALD1	2.78561088241099	+
7996819	7996819	0.0000324296779503773	0.0000000222626722437605	48.2872072169108	10.541346580119	0.727168578555291	CDH3	2.91924846710338	+
7943749	7943749	0.0000324296779503773	0.000000023077336495117	47.9688645174907	10.5261203688278	0.840387599330435	LAYN	2.88602833865668	+
7963786	7963786	0.0000354251610696048	0.00000002630499878316	46.8268909750211	10.4695641172876	1.202203078893	ITGA5	3.02766287073139	-
8072876	8072876	0.0000401202765237346	0.00000003174448913277	45.2344010833037	10.3853184602872	0.711579865416345	LGALS1	3.30682617284387	+
8154233	8154233	0.0000401202765237346	0.0000000322739763502707	45.0968570431905	10.3777307415616	0.758960105121872	CD274	2.35423300651787	+
8136918	8136918	0.0000410132222826343	0.0000000344092080951298	44.5681028605125	10.3480789024554	0.554356752832236	ZYX	3.12914686595239	+
7948667	7948667	0.0000410132222826343	0.0000000363810273673816	44.1132028753969	10.321941234572	0.7684098844065	AHNAK	2.95589792940293	-
8089082	8089082	0.0000410132222826343	0.0000000367990918039787	44.0205004411662	10.3165419466909	1.27899924103056	DCBLD2	2.85794489775305	-
8127854	8127854	0.0000423100012077568	0.0000000392716820714924	43.4965572281689	10.2855521171561	0.878254540199487	ME1	2.55936105761642	-
8083494	8083494	0.0000505822828770439	0.0000000513053730530009	41.407391591977	10.1535067439374	1.31668610619749	MME	2.71385947437313	+
8092169	8092169	0.0000505822828770439	0.0000000533784751615018	41.1063927409161	10.1332940265006	0.592321770763374	TNFSF10	2.83038798936329	-
8129497	8129497	0.0000505822828770439	0.0000000566104559290653	40.6637029714104	10.102989099533	1.19835966038946	EPB41L2	2.63508102144985	-
8151334	8151334	0.0000505822828770439	0.0000000581202221037689	40.4670396121609	10.0893012191874	0.638589269284776	MSC	2.78520199909545	-
8155849	8155849	0.0000505822828770439	0.0000000583485961110032	40.4378180983618	10.087255400771	0.590488377366925	ANXA1	3.34339866274589	+
8157381	8157381	0.0000505822828770439	0.0000000602568606659001	40.1988161693896	10.0704051350771	0.597156779355184	ZNF618	2.49499507529905	+
7970569	7970569	0.0000505822828770439	0.0000000603664763102738	40.1853600865328	10.0694501769942	0.524497293584687	SACS	3.06709724253374	-
7970329	7970329	0.0000505822828770439	0.0000000610349009066772	40.1039270915036	10.063656636098	0.518027276169132	GAS6	2.76402544247491	-
8037005	8037005	0.0000510154784179572	0.0000000631360148732493	39.8546656052216	10.0457685835952	0.719135587511589	TGFB1	2.91329696305001	-
8102950	8102950	0.0000522388315402472	0.0000000705325034508111	39.0495096440153	9.98635710268094	0.630630617130847	INPP4B	2.64659389673285	-
8135069	8135069	0.0000523403505215635	0.0000000759631137082525	38.5194746196434	9.94583937015351	0.945460123081913	SERPINE1	2.9463621928645	+
8123936	8123936	0.0000523403505215635	0.0000000761113973736421	38.5056361323942	9.94476609255913	0.551666684759991	NEDD9	2.74052785087044	-
8111772	8111772	0.0000550263166842389	0.0000000846430129375351	37.7591293786974	9.88567251934394	1.24544595035067	DAB2	2.78370170449823	-
8152617	8152617	0.0000550263166842389	0.0000000851247125463924	37.7196633525344	9.88248182106852	0.88639558884214	HAS2	2.60523984345561	-
8018038	8018038	0.0000577056732283479	0.0000000923974823693597	37.154061221216	9.83599780340538	0.557787000149719	ABCA5	2.30491164622627	-
7991234	7991234	0.0000577056732283479	0.0000000928404135971687	37.1213290270634	9.83326376267282	0.986125703946907	MFGE8	2.91957000806149	-
7995681	7995681	0.0000577442293473818	0.0000000946890305192053	36.986685390807	9.82196589738223	0.521998108434331	MMP2	3.12486738569704	+
8163896	8163896	0.0000589300514211595	0.0000000991177244943942	36.6763886104132	9.79561070153965	0.834780059744766	STOM	2.90229680990816	-
8137670	8137670	0.0000589300514211595	0.000000101317946054226	36.5282687012914	9.78287136507627	0.553543187963157	PDGFA	2.89037591066853	-
7942596	7942596	0.0000615443709151644	0.000000108537147432455	36.0677574490888	9.74259523162245	0.560852463164856	SERPINH1	3.19898912254206	+
7954090	7954090	0.0000664214174349151	0.000000119310589481023	35.4439658983338	9.68637793226507	0.9097856001037	EMP1	2.63507090707604	+
8009073	8009073	0.0000664214174349151	0.00000012124821721667	35.3388524386507	9.67671157502828	1.09987829075388	RNU6-446P	1.65456059656637	+
8104758	8104758	0.0000671666213940054	0.000000124686652134536	35.1571260563631	9.65986548318968	1.32754908665188	NPR3	2.48994029336534	+
8104901	8104901	0.0000709148223033216	0.000000133838809458328	34.7009547746059	9.61681536083963	0.874830559914388	IL7R	2.70044372354466	+
8038347	8038347	0.0000720135541563918	0.000000140434080714765	34.3945235153844	9.58727030824737	0.555671406617088	TEAD2	2.79065000796662	-
8124088	8124088	0.0000720135541563918	0.000000140570499184689	34.388365957635	9.58667136568882	0.838224718506992	KIF13A	2.65014270634372	-
8135587	8135587	0.0000720135541563918	0.000000143154124478948	34.2730654225331	9.57541754397412	1.19880017895069	CAV2	2.69926899110601	+
8145555	8145555	0.0000720135541563918	0.000000144824758521254	34.1998120086883	9.56822945788656	0.616653768604627	SCARA3	2.9111810691738	+
8021301	8021301	0.0000748838967047184	0.000000153463308803745	33.8363421285332	9.53211825801772	0.851681479129695	RAB27B	2.59790654696886	+
8148070	8148070	0.0000748838967047184	0.000000155230997779033	33.7649474582553	9.52493697022829	0.969576686076141	COL14A1	2.82399104455967	+
8115691	8115691	0.000079355164721629	0.000000166954958109922	33.314546045183	9.47895170261674	0.77441610579178	SLIT3	2.91732851484616	-
8105348	8105348	0.0000796577564297381	0.000000170869432954678	33.1724352264549	9.46419443738218	1.21204895720752	GPX8	2.56218244600893	+
8109999	8109999	0.0000796577564297381	0.000000173741961486397	33.0705790533062	9.45354294988351	0.556280452113989	ERGIC1	2.94582397718811	+
8111677	8111677	0.0000796577564297381	0.000000177898183345956	32.9266785252171	9.43838785644789	0.716641999318612	LIFR	2.83300606509581	-
7937335	7937335	0.0000809482581972691	0.00000019537332849146	32.3623904300245	9.37772766964162	0.576257625264152	IFITM1	2.60424531575385	+
8155169	8155169	0.0000809482581972691	0.000000197198786034459	32.3069089915249	9.37165557553811	0.618022419299726	RECK	2.66394998458022	+
8084742	8084742	0.0000809482581972691	0.000000199907294172266	32.2256985577912	9.36273217350348	0.799675453646636	LPP	2.96467090127731	+
7980908	7980908	0.0000809482581972691	0.000000200360776454365	32.2122288130661	9.36124803267036	0.902675135734011	FBLN5	2.87819754597716	-
7927631	7927631	0.0000833232202824233	0.000000211395193934554	31.8951649981816	9.32597380866664	1.17416381930769	DKK1	2.68744908219986	+
7992789	7992789	0.0000839400074717454	0.000000222543885222266	31.5941035626066	9.29186844460249	0.516592205598967	TNFRSF12A	3.21250486260321	+
8010915	8010915	0.0000839400074717454	0.000000222877299405759	31.5853763319519	9.29087077165399	0.519494342880737	FAM101B	3.14240087136383	-
8145291	8145291	0.0000839400074717454	0.00000022334830737199	31.5730738179126	9.28946351223213	0.684091452575292	SLC25A37	2.67935102178114	+
8055711	8055711	0.0000847005393955446	0.000000233061136928903	31.3260128007548	9.26098582494677	0.618732883703287	NEB	2.75996768987554	-
8052355	8052355	0.0000847005393955446	0.000000239697241454985	31.1641133684477	9.24209792951524	0.645150851530635	EFEMP1	2.6909851869707	-
8042439	8042439	0.0000847005393955446	0.000000241019580658287	31.1324859107366	9.2383869728146	0.543998325520712	ANTXR1	3.0221626950998	+
7957260	7957260	0.0000847005393955446	0.000000241095560916745	31.1306748677989	9.23817426665861	0.631136645232324	GLIPR1	3.16912269645493	+
8023828	8023828	0.000089263103485378	0.000000265129727873404	30.5894070700923	9.17356691711389	0.894623361686937	NETO1	2.53700302505741	-
8012896	8012896	0.0000894782515805055	0.000000272939791203638	30.4259066694041	9.15363785240169	0.782803345857876	PMP22	2.8885439327436	-
8066214	8066214	0.0000939597234793357	0.000000305243370110153	29.8039981212131	9.07602321983418	0.606789204461252	TGM2	2.93225842875055	-
8154245	8154245	0.0000969300933958382	0.000000326889025096574	29.4293179673969	9.02783817503888	1.03800157380731	PDCD1LG2	2.60347825709195	+
8106354	8106354	0.0000979979092799956	0.000000335149853476532	29.2939921581941	9.01016392649652	1.11233465367672	IQGAP2	2.49260925139386	+
8127502	8127502	0.0000979979092799956	0.00000033966819248419	29.2216327140223	9.0006535431803	0.711883571321339	LINC00472	2.70731774994855	-
8032909	8032909	0.0000979979092799956	0.000000341401930757478	29.1941692031126	8.9970329584475	0.597907771943949	PLIN3	2.82356551860792	-
8120967	8120967	0.0000979979092799956	0.000000345650247762121	29.1275646735156	8.98822709829946	0.97999873378536	NT5E	2.87466494122703	+
8091422	8091422	0.0000998458984384087	0.000000358346716340937	28.9341409552898	8.96245042546042	0.850413239427696	WWTR1	2.74966603580972	-
8122396	8122396	0.000104914053151721	0.000000386274320876668	28.5358060545301	8.90839433010398	0.712907359758729	AIG1	2.56554138359987	+
8047161	8047161	0.000105770912969752	0.000000406014940084182	28.2742535714868	8.87217294795325	0.81979673885509	NABP1	2.74649788297196	+
7942957	7942957	0.000105770912969752	0.000000411209462794982	28.20792198187	8.86289356176147	0.678449646986659	PRSS23	2.7242291200616	+
7965403	7965403	0.000105770912969752	0.000000412336717124739	28.1936582953121	8.86089317900857	1.53332780275553	LUM	2.60603327814071	-
8117321	8117321	0.000107428768163222	0.000000422123497315341	28.0717274920586	8.84372092003142	0.796232897930875	TRIM38	2.23404303979796	+
8140971	8140971	0.00010804382853349	0.000000439540223370298	27.8627906860985	8.81399133356697	1.05249114042273	SAMD9L	2.61109607744379	-
8104746	8104746	0.00010804382853349	0.00000043986647748049	27.8589707148846	8.81344418836816	1.12842340189923	NPR3	2.71390674224696	+
7907222	7907222	0.00010804382853349	0.000000449328835663138	27.7496154742412	8.79772561559802	1.08042783125744	PRRX1	2.86074655508921	+
7916862	7916862	0.00010804382853349	0.000000451282969339475	27.7273709913882	8.7945150941505	0.692531179923968	WLS	2.86621598708272	-
8021984	8021984	0.000111522154587786	0.000000486514148599294	27.344828670154	8.73859924121211	0.7910982973316	YES1	2.92979109898225	-
8067113	8067113	0.000121789422106697	0.000000565218072337013	26.5972632046607	8.62536886811502	0.976900986105309	ZNF217	2.60332236418903	-
8102328	8102328	0.000121950396794563	0.000000569789229159312	26.5576808899906	8.61922291000795	0.966066252207715	CFI	2.41975757582373	-
8155192	8155192	0.000121950396794563	0.000000577284450034594	26.4935844551865	8.60923778207631	0.856212388206447	GLIPR2	2.89844349378875	+
8094609	8094609	0.000124008559405815	0.00000059086408677007	26.3799249925945	8.5914311131598	1.02740192547239	FAM114A1	2.52597019794582	+
8068024	8068024	0.000127258577642593	0.000000614224130201557	26.1914521829731	8.56161770532266	0.724754877227984	JAM2	2.68731480476024	+
8108217	8108217	0.000129448531933672	0.000000642215654418911	25.9764734621221	8.5271698074653	1.11880860490696	TGFBI	2.93827932123313	+
8171684	8171684	0.000129448531933672	0.000000644819579880611	25.9570399667127	8.52403234693885	0.763321694776636	SH3KBP1	2.83414887824334	-
8092707	8092707	0.000130556563041639	0.000000658417740038589	25.8570404038283	8.50782574096169	1.13661035296204	LEPREL1	2.78967078417375	-
8135990	8135990	0.000133052324022443	0.000000690989729141496	25.6271220210019	8.47016560432243	0.524419997250809	FLNC	3.04183236285822	+
8131614	8131614	0.000133510570663988	0.000000706361423951668	25.5230252081525	8.45293016610936	0.607910939159932	AHR	2.93943406323494	+
7902565	7902565	0.000134664364681273	0.000000720273170505893	25.4310982541433	8.43761291663167	0.675403190911113	LPHN2	2.85366497749083	+
7922846	7922846	0.000134664364681273	0.000000720798709503424	25.4276668001464	8.43703938638253	0.650741190419719	FAM129A	2.70575618469176	-
8160431	8160431	0.00014141792490829	0.000000800003971444888	24.9418379751562	8.35453396925359	1.12991644212824	MIR31HG	2.5547124609224	-
7939411	7939411	0.00014141792490829	0.000000805041120788828	24.9128828195406	8.34953371400189	0.539640939746147	C11orf74	2.14328923993804	+
8129953	8129953	0.00014141792490829	0.000000819928186370533	24.8285436240357	8.33491513416966	1.17300364493265	HIVEP2	2.50797323211459	-
8047127	8047127	0.00014141792490829	0.000000843989753095973	24.6959856263152	8.31177492490283	0.730336768458071	MYO1B	2.85250761572874	+
7934979	7934979	0.00014141792490829	0.000000849118615273863	24.6683075256544	8.30691780768861	1.09240357947572	ANKRD1	2.72212018530607	-
7973306	7973306	0.00014141792490829	0.000000849974163388146	24.6637097644094	8.30611011004238	0.594077446607095	ABHD4	2.80658818202781	+
8046333	8046333	0.00014141792490829	0.000000851179700010832	24.6572404244506	8.30497321545575	0.644702650260536	CYBRD1	2.68806214518395	+
8112971	8112971	0.000142442812524624	0.000000863797260444489	24.5901732934438	8.29315860378049	1.02094495222651	HAPLN1	2.71162231536677	-
8056257	8056257	0.000144719678043863	0.000000891037280119078	24.4492507800952	8.26816306341145	0.981146821917047	FAP	2.49729260093599	-
8021169	8021169	0.000146154586312307	0.000000922481841765747	24.2927774219684	8.24013580080608	0.515928122510987	LIPG	2.72906593664526	+
7917516	7917516	0.000148488582579239	0.000000946401658714868	24.1779125118077	8.21937609623542	0.743342212145226	GBP1	2.84442750104801	-
8094789	8094789	0.00015085985424923	0.00000097085021143652	24.0640020250205	8.19863227761928	0.686709990593164	LIMCH1	2.60148538487122	+
8090193	8090193	0.000152305926540842	0.000000997123782156561	23.9453086658922	8.17684991737573	0.892134038255587	HEG1	2.69013652072305	-
8129562	8129562	0.000152305926540842	0.00000100740086725967	23.8998830372553	8.16846789849224	0.976748120066434	CTGF	3.08680347730901	-
8100541	8100541	0.000152305926540842	0.00000101314235965103	23.8747429977552	8.16381810356802	0.796336571413442	IGFBP7	2.99382271536037	-
7924207	7924207	0.000154874669907339	0.00000104147079175488	23.7531207596208	8.14121300234247	0.783512750844245	PTPN14	2.9582906984471	-
8045835	8045835	0.000158814172700741	0.00000109574457820814	23.5306722882583	8.0993897475645	0.984937896910692	GALNT5	2.57955206466062	+
8168438	8168438	0.000159406488410075	0.00000110476326239463	23.4949711365702	8.09261924164293	0.573005122453059	UPRT	2.3679758741651	+
8129677	8129677	0.000162929378790448	0.00000114430150630957	23.3424233912771	8.06350594574882	0.562369357265943	SGK1	2.68472957747836	-
8082100	8082100	0.000163364025329043	0.00000115612946377974	23.2979958451167	8.05497076872732	0.698395814109852	PARP14	2.36790467855861	+
8120043	8120043	0.000163364025329043	0.00000115746300548717	23.293020588281	8.05401335888062	0.690420152254875	RUNX2	2.72112732264697	+
7908351	7908351	0.000163392423713354	0.0000011695652624014	23.2481762553099	8.04536927472256	0.866144295597204	PLA2G4A	2.09342651467198	+
8001800	8001800	0.000163392423713354	0.00000117273112160012	23.2365357785895	8.04312121037555	1.02969861701076	CDH11	2.82278694705743	-
7921099	7921099	0.000164275132947897	0.00000118757339073427	23.1824535322256	8.03265340796958	0.869063057604391	CRABP2	3.00364049653244	-
8159900	8159900	0.000164275132947897	0.00000118933142878648	23.1761005522728	8.03142125791581	0.552391210889021	GLIS3	2.8595770095798	-
8123609	8123609	0.000170660969655793	0.00000127168987732447	22.8903327879453	7.97544599842473	0.672701977854421	SERPINB9	2.52901508838119	-
8147469	8147469	0.000170660969655793	0.00000127252540722892	22.887546724042	7.97489492068286	0.639054367734255	CPQ	2.66562140426426	+
8109426	8109426	0.000174115957257879	0.00000132522278040401	22.7160698101354	7.94077550073718	0.638578633254077	NA	2.62722361522992	+
7944082	7944082	0.000175212356086289	0.00000134396038967516	22.6570309934146	7.92893585956855	0.899585513678179	TAGLN	2.92003447541618	+
7980580	7980580	0.000175495664207957	0.00000136881028311308	22.580217147011	7.91346007742435	0.544057559990837	GALC	2.80293745308478	-
8109752	8109752	0.000175495664207957	0.00000137373234258263	22.5651980501702	7.91042466403324	0.515784423390906	TENM2	3.10139024587784	+
8092691	8092691	0.000177267101325192	0.00000140895734476764	22.4595363947731	7.88898175110321	0.548556835882452	BCL6	2.59244451224414	-
8092552	8092552	0.000178029059475122	0.00000142661199851665	22.407747127286	7.87841490588264	0.72509663506219	IGF2BP2	2.86120771067518	-
7951662	7951662	0.000178436207183494	0.00000144989769609813	22.3405862307216	7.86465572374881	0.828332296438411	CRYAB	2.524202268467	-
8047272	8047272	0.000178436207183494	0.00000145747837927176	22.3189965678996	7.86021918973711	0.82730672982869	SPATS2L	2.85657589024343	+
7961532	7961532	0.00017977967407209	0.00000148055252730647	22.254089867336	7.84684160469892	1.13386314502525	ARHGDIB	2.50429215285709	-
7921882	7921882	0.00017977967407209	0.00000148950953157337	22.2292155647453	7.84169905269931	0.785418210654223	OLFML2B	2.64089236063857	-
7965573	7965573	0.00017977967407209	0.00000149626349201424	22.2105759129562	7.8378396914651	0.724778553968302	NTN4	2.94124808589812	-
8134257	8134257	0.000182233312293703	0.00000155757425573664	22.0457899031673	7.80350417404001	0.50794233824275	GNG11	3.10918015305498	+
8121685	8121685	0.000182233312293703	0.00000155988634242684	22.0397263303175	7.80223328380104	0.804935942023006	DCBLD1	2.57164907716163	+
8129134	8129134	0.000182233312293703	0.00000156179039959642	22.0347408074058	7.80118794800888	0.726122934625273	ROS1	2.33540357517134	-
8057620	8057620	0.000187401600527709	0.00000162347848605422	21.8769975456624	7.76792653386863	0.759079508416544	COL5A2	2.67989200902923	-
7906900	7906900	0.000189276161847397	0.00000165224285997543	21.8058473296721	7.75280465631758	0.5292597747373	DDR2	2.75593614428952	+
7981514	7981514	0.000190979570082906	0.00000169848975117915	21.6944681449589	7.72898229187741	0.703031931061679	AHNAK2	2.69193466875129	-
8180061	8180061	0.000190979570082906	0.00000170174549623702	21.6867624981966	7.72732733833832	0.705461683070522	TAP1	2.8546418703779	-
8073015	8073015	0.000193374027644007	0.00000174317231955954	21.5902093839107	7.70651507051988	0.548451973359552	KDELR3	3.00233683378718	+
8109159	8109159	0.000193374027644007	0.00000174991636792927	21.5747478797602	7.70316928354501	1.39911621923815	MIR145	2.3471544286813	+
8097449	8097449	0.000194793625763015	0.00000177189214363189	21.5248503368299	7.69234708294084	0.715785498870797	PCDH10	2.94053850679508	+
8115234	8115234	0.000196416580267679	0.00000179273200640343	21.4782030094975	7.68219567677557	0.68928575367554	ANXA6	2.9931905447433	-
7906400	7906400	0.000197607031919503	0.00000181582526778541	21.4272545063019	7.67107038488716	1.10766999051694	IFI16	2.4832283464814	+
8166202	8166202	0.000201799770788456	0.00000186683987085017	21.3173703034783	7.64694026581219	0.50093288532435	GRPR	2.58959418412671	+
8135218	8135218	0.000203478546579946	0.00000189081766252658	21.2669418911338	7.63580404636641	1.26927525011632	LRRC17	2.6435837337864	+
7990054	7990054	0.000204565929884145	0.00000192689618355404	21.1924710813478	7.61928624161753	0.778844721072069	UACA	2.47733945119469	-
8040430	8040430	0.000205494829657915	0.00000194552822856106	21.1546544542842	7.61086527474178	1.07171730773749	VSNL1	2.56934187825649	+
8021623	8021623	0.000208008163871632	0.00000197701422408809	21.0917114141723	7.59679940996714	1.01382426287826	SERPINB7	2.46485892043559	+
8170420	8170420	0.000209051978136606	0.00000200507760348838	21.0366008719207	7.58443256602895	0.74966093866899	MAMLD1	2.84107047042086	+
8106393	8106393	0.000215258471601505	0.00000215106134453898	20.7639131588128	7.52252782341006	1.0718938003952	F2R	2.86035468801836	+
7987315	7987315	0.000216143306401687	0.00000216671610637501	20.7359749309039	7.51611759553392	0.576235210981241	ACTC1	3.08991460910614	-
8092726	8092726	0.000217762742327538	0.00000218968754854273	20.6954079328368	7.50678712266332	0.965160688500123	CLDN1	2.77634171472994	-
8086467	8086467	0.000218049860525961	0.00000219932101517475	20.6785448749424	7.50290067429443	0.559309053605218	ANO10	2.85279604807034	-
7974366	7974366	0.000218807008866539	0.00000221372766620335	20.6534887081128	7.49711734031156	0.616682613509908	PTGER2	2.54233422087434	+
8145766	8145766	0.000220404367226377	0.00000224901703998867	20.5929185805651	7.48309420625422	0.832763516557621	NRG1	2.76200319178479	+
7908459	7908459	0.000220404367226377	0.00000225418524844046	20.5841422738288	7.48105730481644	0.810433527669173	CFH	2.63613407489732	+
8056201	8056201	0.000221901237092639	0.0000022795299997536	20.541445022932	7.47112946790926	0.696783734582538	RBMS1	2.80964231485816	-
8015635	8015635	0.000224026646195032	0.00000231591339614611	20.4811222812931	7.45705178765878	0.729567264132698	PTRF	2.81054890361216	-
8122807	8122807	0.000224031542927342	0.00000234545767368626	20.4329566538428	7.44576763802418	0.780592313630887	AKAP12	2.73287812134221	+
8044191	8044191	0.000224031542927342	0.00000235167929502771	20.4229049925343	7.44340785266216	1.1093209705101	SLC5A7	2.50506124260126	+
8008151	8008151	0.000224031542927342	0.0000023523863946555	20.4217645900681	7.44314001816205	0.718419372204099	IGF2BP1	2.78965044901899	+
8041781	8041781	0.000224761248060686	0.00000239359638284985	20.355992499174	7.42765578724587	0.546876527554557	EPAS1	2.72914224991769	+
8150509	8150509	0.000225287968612108	0.00000241173345935427	20.3274680071975	7.42091778481837	0.603979795624154	PLAT	2.84398428590533	-
8115490	8115490	0.000226918748555559	0.00000244217143331054	20.2801627045991	7.40971301266339	0.500350973754825	ADAM19	3.12293197318835	-
7973352	7973352	0.000228891744025169	0.00000247863959681969	20.2243945951031	7.39645481405528	0.503531296351137	LRP10	2.98661311659058	+
8006531	8006531	0.000237579130951119	0.00000263151910152844	20.0007268484645	7.34274306423647	0.509970932787717	SLFN5	2.88677579338507	+
8083616	8083616	0.000241387579857624	0.00000270146968387222	19.9034500235833	7.31911124793984	0.615367962119498	MLF1	2.50850637261128	+
7968344	7968344	0.000245926613311352	0.00000280767675232477	19.7613043796806	7.28427873250352	0.638699065662511	ALOX5AP	2.68647487969765	+
7926368	7926368	0.0002547903801599	0.00000305287143008908	19.4560780442271	7.2082564347974	1.24855142423895	VIM	2.91942738998702	+
8095262	8095262	0.0002547903801599	0.00000307362322395154	19.4315833763645	7.20208188869798	0.707001723134161	REST	2.63157676039509	+
8025918	8025918	0.0002547903801599	0.00000310799750282681	19.3914359986461	7.19193768756259	0.670597868069378	CNN1	2.9546882825698	+
7952313	7952313	0.0002547903801599	0.00000312492212701522	19.3718611664294	7.18698081037814	0.771087746752464	MIRLET7A2	2.44660715181659	-
8072817	8072817	0.0002547903801599	0.00000313676683947615	19.3582360532273	7.18352636451614	0.516036202463556	CDC42EP1	2.92360406206435	+
7943398	7943398	0.0002547903801599	0.00000314536560390458	19.3483828150022	7.18102607157337	0.586341580700841	YAP1	2.98094477764655	+
8145736	8145736	0.000260918336907099	0.00000328559645806718	19.1920458032714	7.14111211146727	0.560411633728465	NRG1	2.79614815812547	+
8128991	8128991	0.000265438639166567	0.00000340821865827558	19.0616665019704	7.1074724439298	0.900979926917816	LAMA4	2.56026083312683	-
7951372	7951372	0.000271494647423689	0.00000350598547241768	18.9616235346578	7.08143957524816	0.80571444309634	CASP4	2.55008242721833	-
8096116	8096116	0.000271494647423689	0.00000352466210683067	18.9428869794818	7.07654255462141	0.644351860515471	AGPAT9	2.42954250354712	+
8092765	8092765	0.000271494647423689	0.00000353440214095912	18.9331621658292	7.07399818004204	0.643166044893289	MB21D2	2.93225756893884	-
8067140	8067140	0.000271494647423689	0.00000355221329342295	18.9154604539905	7.06936204392283	0.684634730084374	CYP24A1	2.28137243282578	-
7902687	7902687	0.000280167896835505	0.00000379950947798079	18.6800046208898	7.00711242669649	0.691284070262759	CYR61	2.89852709131018	+
8048940	8048940	0.000280167896835505	0.0000038015083557406	18.6781758472965	7.00662465699833	0.664446253025096	SP100	2.27381710581122	+
8029006	8029006	0.00029168080714096	0.0000040159017102728	18.4883631248079	6.95563395917956	0.785635814500142	AXL	3.01042751529789	+
8149774	8149774	0.000307503751616658	0.00000442528661305755	18.1571064703676	6.86488862408245	0.776183795306788	LOXL2	2.97904693679524	-
8122365	8122365	0.000320189502789555	0.00000472478657326911	17.9369009615674	6.80329700102603	0.660641561972719	GPR126	3.00283719189667	+
8078330	8078330	0.000320189502789555	0.00000473532942462817	17.9294519553458	6.80119546314364	0.661162614468984	RBMS3	2.72501263943395	+
8120362	8120362	0.000322086904143033	0.00000481138618886612	17.8762881682798	6.78616209943657	0.653575885412529	BEND6	2.47194952693493	+
7964757	7964757	0.000322086904143033	0.00000482369358371951	17.8677786069281	6.78375016014849	0.969617096135534	RBMS1P1	2.68788871605939	-
8170428	8170428	0.000322086904143033	0.00000484311238555472	17.8544040976499	6.77995614575542	0.616655218551252	MTM1	2.47623420598421	+
7946089	7946089	0.000323469506945487	0.0000048939262057592	17.819704154483	6.77009459008917	0.763291351409023	TRIM5	2.49959562917469	-
7919326	7919326	0.000329651423139459	0.00000504865116964302	17.7166100879416	6.74064125896517	0.670945903354617	ACP6	2.6528981280496	-
8055624	8055624	0.000335372145393052	0.00000520889876511594	17.6136971734953	6.71100717826441	0.610034067872444	ZEB2	2.65270623361745	-
8056184	8056184	0.000336218541119752	0.00000525061419223475	17.5875193929333	6.70343184848611	0.762742541468838	ITGB6	2.55421498826899	-
8109407	8109407	0.000339555350248555	0.00000531843252428134	17.5454810884508	6.69123490512574	0.586383681376736	GALNT10	2.96657815233264	+
7937330	7937330	0.000339555350248555	0.00000532639963417027	17.5405841228319	6.68981154268688	0.60717167023113	IFITM2	2.81829763998278	+
8145669	8145669	0.000345538787050678	0.00000544163988146391	17.4707046027979	6.6694417125126	0.793414524010629	RBPMS	2.75456747657353	+
8122099	8122099	0.000351708925116961	0.00000558233589879648	17.3877214405947	6.64510937780458	0.829741127194974	ENPP1	2.86796958827344	+
8097692	8097692	0.000359184378126554	0.00000575655171156693	17.2883262591069	6.61575882140368	1.59686153684231	EDNRA	2.59345712565875	+
7965681	7965681	0.000359650616787573	0.00000581966129079857	17.2531935174265	6.60533032708382	0.697672777538922	IKBIP	2.65398448313207	-
8094625	8094625	0.00036186040651322	0.00000588650597362228	17.2164687134777	6.59439887309791	1.06552627677059	KLHL5	2.35007892060585	+
8115099	8115099	0.000362673711400806	0.00000593590524213442	17.1896434968747	6.58639441879357	0.643519257956729	PDGFRB	2.80915158483082	-
8149835	8149835	0.000372679918611748	0.00000616486641960198	17.0686633177045	6.5500868192895	0.768145351274713	NEFL	3.04069480559055	-
7958019	7958019	0.000377877978475141	0.00000626659436473734	17.0166022392836	6.5343571425928	0.807241619670192	DRAM1	2.64934276535073	+
8095986	8095986	0.000381935406922886	0.00000640358520675469	16.9480501884768	6.5135472130645	0.577870210304857	ANXA3	2.95868585719812	+
7920291	7920291	0.000381935406922886	0.00000643035066479432	16.9348585772608	6.50952991436541	0.519922991707713	S100A16	2.61499770969719	-
8077899	8077899	0.000381935406922886	0.00000643683817364559	16.9316709061065	6.50855853729292	0.537768654159174	PPARG	2.76255877615044	+
7962058	7962058	0.000381935406922886	0.00000644023380381092	16.9300039575209	6.50805047265037	0.70695584174771	TMTC1	2.44782148890173	-
7945371	7945371	0.000386629302918211	0.0000065313449272406	16.8856601527153	6.49451069336175	0.985945673006074	IFITM3	2.74501903230759	-
7988563	7988563	0.000387419619961886	0.00000655668240831508	16.8734580706938	6.4907767000188	0.611830737852938	SHC4	2.33223172926675	-
8169022	8169022	0.000389332424457693	0.00000660110047965149	16.8522008700453	6.48426319304103	0.738212898937716	WBP5	2.53768705556072	+
7902495	7902495	0.000392041078146485	0.00000669554392304878	16.8075589841762	6.47054890104136	1.06267461778875	NEXN	2.46531105616714	+
7956261	7956261	0.000393839084261001	0.0000068237333989097	16.7481411979832	6.4522206415932	0.710084811957876	RBMS2	2.96649934657083	+
7979813	7979813	0.0003999313114511	0.0000069778522699889	16.6784256115441	6.43060641460218	0.650915258433271	ZFP36L1	2.96489250851694	-
8116610	8116610	0.0003999313114511	0.00000706617242764739	16.6392884105785	6.41842042045785	0.643981758954819	NQO2	2.66094088423457	+
8092578	8092578	0.000400162290421547	0.00000717118152014915	16.5935006112388	6.40411581789531	0.908939478650374	ETV5	2.54743311453128	-
7929388	7929388	0.000405039574338685	0.00000737153714265205	16.5082947682746	6.37735842801617	0.952039675472215	PLCE1	2.6733196404725	+
8081838	8081838	0.000406632075175813	0.00000742281873561244	16.4869249523346	6.37061926496018	0.625788828112979	ARHGAP31	2.51369111677479	+
8046695	8046695	0.000409800201502199	0.00000750600907426446	16.4526263246327	6.35977899537844	0.512611852277425	ITGA4	2.85589175430907	+
8163257	8163257	0.000413348227576125	0.00000758378450396466	16.4209636806624	6.34974562777437	0.796819000345253	LPAR1	2.64395096616531	-
7930537	7930537	0.000414879773340839	0.00000773604693301525	16.3600724970013	6.33037914986824	0.574455882768021	TCF7L2	2.73304139869594	+
8101788	8101788	0.000418742816562964	0.00000785123046970436	16.3149418898873	6.31596468686358	0.509820186960935	UNC5C	2.5246085771474	-
8136200	8136200	0.000429052750039807	0.00000821706173307264	16.1766276181522	6.27146337610312	0.90941437258495	CPA4	2.78217321095986	+
7912706	7912706	0.000429178062058508	0.00000824631285561264	16.1658832597133	6.26798584981755	0.597274830742098	EPHA2	2.81164250786696	-
7993458	7993458	0.000430463605999469	0.00000829735548212212	16.1472418796633	6.26194526780145	0.554830118275079	C16orf45	2.80350960165666	+
7958202	7958202	0.000435712686937829	0.00000850637992196313	16.0722915842951	6.23756697888152	0.6272141267486	CHST11	2.89359559557909	+
7907657	7907657	0.000436690069355365	0.00000856085362289984	16.0531154855512	6.23130618654959	0.895701222549737	RALGPS2	2.46405245459276	+
7939642	7939642	0.000437201643110405	0.0000086562254831655	16.0198865447095	6.22043442786416	0.715321966041147	CREB3L1	2.83268976057661	+
8122464	8122464	0.000457126492191052	0.00000949017283686137	15.7465637571422	6.12989577060567	0.634206077248511	UTRN	2.8180220450016	+
8105267	8105267	0.000460705468175504	0.00000960330141971765	15.7116782099719	6.11819511794123	0.717273821556037	ITGA2	2.59849015761669	+
8095566	8095566	0.000460705468175504	0.00000960723633397141	15.7104735373609	6.11779047716651	0.836291193598694	MOB1B	2.51007400348736	+
8025601	8025601	0.000469216810172383	0.00000988634781496219	15.6264786302836	6.0894792767534	0.74451142312896	ICAM1	2.91845712041241	+
8054712	8054712	0.000475173882875602	0.0000100484728098387	15.5789639850881	6.07337812546638	0.510895725268117	IL1A	2.23072132428043	-
7964834	7964834	0.000487960548952182	0.0000104473150211047	15.4658246288447	6.03478660017678	0.568913188773577	CPM	2.69349190444978	-
8122660	8122660	0.000487960548952182	0.0000104473469222768	15.4658157844028	6.0347835693843	0.546106610101353	UST	2.68856650848336	+
7918064	7918064	0.00049161197678776	0.0000105918669496168	15.4260721763789	6.02114212677616	0.571364856593429	COL11A1	2.70975452165355	-
7910030	7910030	0.000494238929679338	0.0000107041010728485	15.3956462268152	6.01066876493359	0.510310201566097	DNAH14	2.47532742497198	+
7903162	7903162	0.000498356582006581	0.0000108086991116182	15.3676273763256	6.00100082951378	0.503226856083612	TMEM56	2.75642944181184	+
7960919	7960919	0.00050104791766978	0.0000110652752181934	15.3002317489683	5.97765451764782	1.23236380436327	MFAP5	2.69646040298551	-
8109344	8109344	0.000520445738185467	0.0000118519873947582	15.1045508892289	5.90912949505811	0.53527174657249	GM2A	2.69066316051426	+
8132860	8132860	0.000520979467439333	0.0000119214728681591	15.0880079524469	5.9032853562856	0.562645550044888	EGFR	2.74215115399498	+
7912145	7912145	0.000536606243911579	0.0000126597595077972	14.918968300423	5.84310594105995	0.529900463337145	TNFRSF9	2.84225516299276	-
8023528	8023528	0.000536606243911579	0.0000126676329353837	14.9172287498664	5.84248223433439	0.676259195102982	ALPK2	2.44396818790757	-
7963534	7963534	0.000552083710540639	0.0000133063089171485	14.7802192216248	5.79307232475192	0.50007200929537	KRT4	2.77402731851856	-
8050007	8050007	0.000556150894016179	0.0000134559573998531	14.7492367143987	5.78182026982356	0.528428665100356	PXDN	2.98345739893986	-
7962250	7962250	0.000561230980032085	0.0000136656904577597	14.7064920316971	5.76624838183389	0.831031357381828	CPNE8	2.34827239407481	-
7934916	7934916	0.000573079281251614	0.0000140960375172499	14.6211590620678	5.73499366569073	0.692425856624964	CH25H	2.66182091307901	-
8123739	8123739	0.00057747298085257	0.0000142219761999519	14.5967668169788	5.72601820037447	0.598749619687061	NRN1	2.666536375599	-
8081288	8081288	0.0005798947862477	0.0000143354455063863	14.5750068980991	5.71799573010087	0.741077146158521	TMEM45A	2.53877503540821	+
8060997	8060997	0.000590838138485043	0.0000149898602629169	14.4533523343714	5.67287103449743	0.677600400800797	SPTLC3	2.49146970515402	+
7985268	7985268	0.000607148629771835	0.0000157230099043664	14.3242903640054	5.62448689091731	0.524471327854972	FAH	2.73540161932319	+
8080855	8080855	0.000618168666138396	0.0000163177575676115	14.2247006620008	5.58678625607955	0.519553736862288	SYNPR	2.41511650287123	+
7951284	7951284	0.000626952807390075	0.000016779003693958	14.1503684672585	5.55843707579028	1.08300393848049	MMP3	2.63502776691888	-
8112731	8112731	0.000628600740746444	0.0000168814530171688	14.1341851104312	5.55224100426497	1.26591008139894	F2RL2	2.69867134176175	-
7951309	7951309	0.000639063786897046	0.0000174257442316607	14.0501059728764	5.5199108719386	0.649302392225243	MMP13	2.43811099373103	-
8103166	8103166	0.000639884413229046	0.0000175408431088436	14.0327226650945	5.51319741102104	0.764965013083875	SH3D19	2.48009750910599	-
7972297	7972297	0.000653030720639849	0.0000180574370353758	13.9563253989383	5.48357306558709	0.564406935840933	ABCC4	2.58471290895026	-
8105495	8105495	0.000656491921469345	0.0000183768429130929	13.9103677193254	5.4656577742015	0.895919613398781	PART1	2.64747402227024	+
8146092	8146092	0.000716879597659831	0.0000210044546574629	13.564779023094	5.32862283025514	0.784018173564683	IDO1	2.40723894522998	+
8105302	8105302	0.000731314376115175	0.0000216536573107955	13.487214217413	5.29729310662076	0.562728622859998	FST	3.02166036096568	+
8105040	8105040	0.000736624782029515	0.0000220700817022677	13.4388904264297	5.27766592578048	1.07190981269892	OSMR	2.56090793375276	+
7922976	7922976	0.000742502577556253	0.0000227200596888442	13.3655728266001	5.24772699751191	0.515706235834502	PTGS2	2.79085650205755	-
7907232	7907232	0.000744324330385914	0.0000227988331760173	13.3568554072389	5.24415435335018	1.11191986879947	MROH9	2.07559453447665	+
8055980	8055980	0.000745939640999405	0.0000231021806454133	13.3236142715581	5.23050586905599	0.596150441218962	CYTIP	2.29394537275907	-
8167965	8167965	0.000747381882207968	0.0000231699714109212	13.3162560075453	5.22747920105485	0.728333188470146	MSN	2.75907800992497	+
8081233	8081233	0.000749455531853009	0.0000233703484592911	13.2946538378518	5.21858218395715	0.663679381954011	RNU6-1263P	2.3432014340261	+
8048749	8048749	0.000749455531853009	0.0000234071021913844	13.2907152038473	5.21695818939603	0.542980488518741	KCNE4	2.5964581401654	+
8114805	8114805	0.000749455531853009	0.0000237728833682967	13.2519100023829	5.20092746535584	0.821945876549312	FGF1	2.47600391928943	-
8116418	8116418	0.000749455531853009	0.0000239349593718048	13.2349399817668	5.19389963069687	0.676084786576645	GFPT2	2.76225429721031	-
8006433	8006433	0.000817236270467308	0.0000270043729110821	12.9369903773919	5.06875831227245	0.589499886140058	CCL2	3.21197397468707	+
8105191	8105191	0.000822101621876941	0.0000273940610365232	12.9020354446306	5.05385647305579	0.50061384431159	PARP8	2.65186580381707	+
8162373	8162373	0.000825719758780684	0.0000275657194927248	12.8868231687181	5.04735655804521	0.978071039036223	OGN	2.57169652921672	-
8092095	8092095	0.000897303736799813	0.0000318876632892351	12.5369028416376	4.89533997935703	0.691349392143255	TNIK	2.60339457169183	-
7950810	7950810	0.000897303736799813	0.0000318988271892264	12.536072758436	4.89497356838328	0.613960854968171	SYTL2	2.35463673391278	-
8108713	8108713	0.00090347812546876	0.0000322667070869403	12.5089092306687	4.8829677894244	0.79600894790835	PCDHB8	2.6517438565329	+
7963353	7963353	0.000906150706140634	0.0000325179638241109	12.490565785946	4.87484338677195	0.616936619363782	KRT81	2.93390094592661	-
8026407	8026407	0.000912574327489653	0.0000330545277997096	12.4519460255648	4.8576936946202	0.577067741832462	SYDE1	2.87706097187471	+
8054722	8054722	0.000912574327489653	0.0000331193244684683	12.4473322400985	4.85564079871193	0.562532782040122	IL1B	2.55057624799397	-
8108716	8108716	0.000951685978140159	0.0000351184525205011	12.3099943055449	4.79413102713112	0.565101762672019	PCDHB16	2.70492103875059	+
7938035	7938035	0.000951686594229305	0.0000351821691531435	12.3057695071927	4.7922264601616	0.760937188189867	TRIM22	2.26243772449983	+
7902541	7902541	0.00095239459493514	0.0000354635140178989	12.2872218120592	4.78385621565145	0.720918430239997	IFI44L	2.27816814280674	+
8082869	8082869	0.000953408290353861	0.0000356612933946452	12.2742866328429	4.77801028069858	0.863692793252983	PPP2R3A	2.33410407981976	+
8051583	8051583	0.000954746698997765	0.0000358421260052737	12.2625335486377	4.77269250073206	0.948795311786507	CYP1B1	2.65565126029037	-
8083272	8083272	0.000954746698997765	0.0000359100372571167	12.2581377358148	4.77070208901319	0.525298208594977	GYG1	2.59401331129266	+
7902553	7902553	0.000954746698997765	0.000036038209609148	12.2498679154324	4.7669553366773	0.577009832026059	IFI44	2.12245010986563	+
8138602	8138602	0.000975619144412823	0.0000372495037019781	12.1733849029697	4.73216692405513	0.706339013024922	DFNA5	2.49404359962967	-
7970507	7970507	0.000989214916801425	0.0000389438357748393	12.0711814921378	4.68529089207524	0.659021847507204	RNU4-9P	2.16360388637088	-
8103508	8103508	0.000989214916801425	0.0000389664921207251	12.0698505296371	4.6846774832247	0.564346575216523	MARCH1	2.69014905887899	-
7970793	7970793	0.000990201188114017	0.0000393935591512394	12.0449313697088	4.67317871547199	0.759181575038577	SLC46A3	2.26874632710687	-
7972336	7972336	0.000990201188114017	0.0000394977309276225	12.0389012461062	4.6703921230766	0.501972434639717	DZIP1	2.49955400530768	-
8123621	8123621	0.00102056012103393	0.0000421803958320276	11.8897638925909	4.60096939405477	0.579620718228586	SERPINB6	2.77212783786182	-
8092839	8092839	0.00102253645841498	0.0000423301810389296	11.8817682488633	4.59721985564953	0.524099974985002	LRRC15	3.03164017938597	-
8037272	8037272	0.00103292538728628	0.0000430159206487216	11.8455836561212	4.58021573113132	0.677194063033887	PSG5	2.53869446285672	-
8116921	8116921	0.00103510513216173	0.0000431387213583074	11.839175523188	4.57719830917189	0.851109115188943	EDN1	2.68701213356688	+
7954613	7954613	0.00103791531819408	0.0000432879505252196	11.8314171206813	4.57354263213339	0.523794400542182	CCDC91	2.53162483671251	+
8131844	8131844	0.00104586907079631	0.0000439075322222621	11.7995386936027	4.55849364496332	0.615201713637768	GPNMB	2.72391301899981	+
8123678	8123678	0.00107479203858716	0.0000456294041650917	11.7136556661976	4.5177233264315	0.72609079033034	PXDC1	2.66541279586246	-
8125483	8125483	0.0010796367267358	0.0000460969240708951	11.6909941427381	4.50690985284683	1.08246672449402	TAP2	2.45012149297586	-
8142435	8142435	0.00108388481009468	0.0000464459782179119	11.674250590283	4.4989052705469	0.6097847605583	PPP1R3A	2.29836082174742	-
8160435	8160435	0.00114617958741683	0.0000505338916515265	11.4885392041708	4.40925788875783	0.567695244278788	IFNE	1.82646190816889	-
7977854	7977854	0.0011501981455043	0.0000507822392139673	11.4778313237795	4.40404008254079	0.535023515946116	AJUBA	2.87005763464116	-
8166705	8166705	0.00117496448968008	0.0000520574595223501	11.423802489563	4.37763033027997	0.645363116027255	PRRG1	2.53424159183808	+
8090823	8090823	0.00118481660460438	0.0000527139097621084	11.3965938047159	4.36427829826041	0.598379416372795	SLCO2A1	2.87108407138288	-
8081081	8081081	0.00120120828689018	0.0000540749994562422	11.3414286380406	4.33709925015501	0.5956670915222	EPHA3	2.65804321629778	+
7971104	7971104	0.00131286098560141	0.0000623743411780361	11.0370105829591	4.18446513626014	0.774875658351594	TRPC4	2.4461482000417	-
8012906	8012906	0.00133743755756336	0.0000640146004625634	10.9824892330171	4.1566444541545	0.582341531707137	NA	2.20115714602134	-
7956856	7956856	0.00150358540347555	0.0000764795149690233	10.6154444104238	3.96538498196459	0.750213332402077	MSRB3	2.60332870271342	+
8094911	8094911	0.00154572306896203	0.0000795793195369209	10.5350359535517	3.92253967589711	0.772002792393733	ATP10D	2.59108256584144	+
7933121	7933121	0.00178530868127143	0.0000992605334069105	10.0978951088146	3.68338516649284	0.814102520038611	CCNYL2	1.72193051166968	-
8103415	8103415	0.00179667064585767	0.00010052266010468	10.0734107584208	3.66967014397947	0.862920878485277	FAM198B	2.60966393198116	-
8068022	8068022	0.00180424854558007	0.00010120161495785	10.0603885107008	3.6623614992207	0.653216058801918	MIR155HG	2.37061089580131	+
8151532	8151532	0.00182833449704118	0.000103170920053411	10.023190808915	3.6414301314454	0.678467770362479	FABP4	1.91275665799336	-
7912136	7912136	0.0019560998891623	0.000115577316089253	9.80655200751452	3.51790123739034	0.7303189608831	UTS2	2.37712385540065	-
8042788	8042788	0.00198443734554005	0.000118493410974654	9.75958646685882	3.49074940302788	0.587348524636332	ACTG2	3.01615456112374	+
7965410	7965410	0.00210203913269299	0.000129747472841884	9.59028769810435	3.39174857407846	0.647977026118119	DCN	1.91321828992847	-
8143629	8143629	0.00212448099035438	0.00013215228424004	9.5563455384268	3.37168527697414	0.504501234452462	OR2A9P	2.59562978244645	-
8072626	8072626	0.002145011788626	0.000134310393799913	9.52649726689482	3.35398180343137	0.568990728858114	TIMP3	2.8451738850386	+
7961514	7961514	0.00218495000969178	0.000137771978582094	9.47977815297605	3.32615840354948	0.636856933429493	MGP	2.16460203941615	-
7932407	7932407	0.00227221162163868	0.000146859629268996	9.36340942585101	3.25624646787284	0.804448355702527	ST8SIA6	2.35773987479409	-
8081219	8081219	0.00246267716205672	0.000166789403413946	9.13539997405704	3.11668825338354	0.541636384266725	ST3GAL6	2.38605150602262	+
8160439	8160439	0.00246764208770795	0.000167354706112306	9.12940591199386	3.11297255583151	0.513120919462553	MIR31	2.54669500324778	-
7973336	7973336	0.00285924826626028	0.000210445423087635	8.73159779693834	2.86080633411795	0.602737757949615	MMP14	2.84143921527784	+
8060940	8060940	0.00298242029061343	0.000224135976173387	8.62489795988833	2.79124994051129	0.571601623765285	LAMP5	2.73422958065684	+
8027348	8027348	0.00302416388955954	0.000230267235921105	8.57956288668385	2.76144276802678	0.518945208100266	ZNF730	2.6814688607433	+
8122457	8122457	0.00342127031491513	0.000276170113907787	8.27962606451484	2.56032388172561	0.5519073731102	STX11	2.81358512724628	+
8023727	8023727	0.00343282654935638	0.000277421581848299	8.27228443655945	2.55531399072563	0.518387952691067	DSEL	2.8931819215587	-
8041422	8041422	0.00371603537756766	0.000314795484786369	8.06934319794919	2.41513082906694	0.665837179012996	RASGRP3	2.1728376806	+
8173752	8173752	0.00375952424036088	0.000320889821080825	8.03893484123988	2.39383978889858	0.639151782584036	ZCCHC5	2.3550173122861	-
8173310	8173310	0.00391811872526035	0.000339309251322785	7.95098531298947	2.33183207440788	0.646942777574987	OPHN1	2.4286474804339	-
8099850	8099850	0.00412100853086885	0.000366693071638838	7.83006683764727	2.24552647348804	0.503275339293702	TMEM156	1.90015021713454	-
8172268	8172268	0.00419088813766042	0.000377064530933959	7.78700173684755	2.21448965980543	0.501740961838478	MIR222	2.50263196205642	-
7932420	7932420	0.00437832803170573	0.000405985245228244	7.67387704106998	2.13220029255215	0.510284762235789	PTPLA	2.42133137081217	-
8048926	8048926	0.0044155327610564	0.000411335199021947	7.65398407727455	2.11761453661674	0.93980157275946	SP140L	2.13349925960859	+
8146934	8146934	0.00489739079593983	0.000481098526526564	7.41931542410939	1.94289348181404	0.615727651716601	LY96	1.95977548790069	+
7957351	7957351	0.0049974829589469	0.000497104288636313	7.37107015318167	1.90635382462891	0.54347945312561	OTOGL	1.69317401608177	+
8014063	8014063	0.00514070248324548	0.000520290970953236	7.30430762891638	1.8554340008006	0.658036226694349	EVI2B	2.37379272295352	-
8121212	8121212	0.00529653197837927	0.000551595762483358	7.21948691428319	1.79013818178946	0.524414169962657	BDH2P1	2.56924003543625	+
8154692	8154692	0.00541078010595043	0.000571529447780538	7.1683539154945	1.75044537319647	0.766728412440246	TEK	2.58654231676274	+
8022176	8022176	0.00544771367381844	0.000577621817399702	7.15314029165467	1.73858717265427	0.569396874840246	LAMA1	2.64890508639221	-
8145770	8145770	0.00561851835991365	0.000602337988215117	7.09328655073824	1.69171735723181	0.584134701850522	NA	1.92272051318496	+
8012787	8012787	0.00575571682294141	0.000623760461276957	7.04368280558504	1.65260971778407	0.672815261231762	MYH3	2.57450545670998	-
8046746	8046746	0.00582429980114008	0.000634670458822912	7.01917878392931	1.63320158765663	0.665429908710334	PPP1R1C	2.58149928376341	+
7910047	7910047	0.00650123681920154	0.000753693708782159	6.7800638159536	1.44065844094392	0.539083594129554	DNAH14	1.83183245876911	+
8168749	8168749	0.00677692786333029	0.000805364311842197	6.68962280098339	1.36630754590938	0.575893351712764	SRPX2	2.57236594992846	+
8161513	8161513	0.00770309722042075	0.000976918891943462	6.43179228937195	1.14958280329908	0.510051388715431	PGM5	2.62709822007278	-
8112007	8112007	0.00977449978477007	0.00138519609819667	5.98569773440746	0.75710767882312	0.504368591365878	EMB	2.25399729125963	-
7939056	7939056	0.0109501632333769	0.00163373205612085	5.78345484078201	0.571451418740319	0.538387191366908	BBOX1	2.06925492807459	+
8084794	8084794	0.0120110043221128	0.001862933547545	5.62631195331287	0.423707000547656	0.60714739389729	IL1RAP	2.38339944022296	+
7970763	7970763	0.0124270033051094	0.0019564691897797	5.56850433300301	0.368570167102668	0.739850805931929	FLT1	2.47406069583341	-
8057599	8057599	0.0128792454487272	0.00206173125682108	5.50715702448078	0.309587083292601	0.536016482250857	TFPI	2.19919431988996	-
8118324	8118324	0.0171734959474594	0.00310356702543579	5.04512993325146	-0.150693044612353	0.945474356487317	C2	1.62585902992746	+
8145685	8145685	0.0197836198328849	0.00382252104018837	4.82061879061754	-0.384996086037383	0.716896350930338	NA	1.67390358330731	+
8089106	8089106	0.0216391734304294	0.00432445956841664	4.69093270082127	-0.523633510569899	0.787557327498345	NA	1.50437501759403	-
8003859	8003859	0.0273067928412219	0.00603992023829385	4.35125168272883	-0.898511212090831	0.577165192499314	NA	1.63879742715885	+
7895380	7895380	0.0383966944388802	0.00963689196770508	3.9022585783206	-1.42076583118794	0.552290233549251	NA	1.28109181841342	---
