                    B_cell T_cell.CD4 T_cell.CD8 Neutrophil Macrophage        DC
TCGA-3L-AA1B-01A 0.0000000  0.7042082  0.0000000  0.0000000  0.0000000 0.0000000
TCGA-4N-A93T-01A 0.0000000  0.5314164  0.0000000  0.0000000  0.0000000 0.0000000
TCGA-4T-AA8H-01A 0.0000000  0.4516522  0.0000000  0.0000000  0.0000000 0.0000000
TCGA-5M-AAT4-01A 0.0000000  0.0000000  0.0000000  0.4131601  0.0000000 0.0000000
TCGA-5M-AAT5-01A 0.0000000  0.0000000  0.6560566  0.0000000  0.0000000 0.0000000
TCGA-5M-AAT6-01A 0.0000000  0.0000000  0.0000000  1.5757099  0.0000000 0.0000000
TCGA-5M-AATA-01A 0.0000000  0.0000000  0.0000000  0.7351511  0.0000000 0.0000000
TCGA-5M-AATE-01A 0.0000000  0.0000000  0.5351214  0.0000000  0.0000000 0.0000000
TCGA-A6-2671-11A 0.0000000  1.1983378  0.0000000  0.0000000  0.0000000 0.0000000
TCGA-A6-2675-11A 0.0000000  0.0000000  0.0000000  0.0000000  1.0593278 0.0000000
TCGA-A6-2675-01A 0.0000000  0.0000000  0.0000000  0.0000000  1.2861533 0.0000000
TCGA-A6-2678-11A 0.0000000  0.0000000  0.0000000  0.0000000  1.2055026 0.0000000
TCGA-A6-2679-11A 0.0000000  0.0000000  0.0000000  0.0000000  0.0000000 1.5108546
TCGA-A6-2680-11A 0.0000000  0.0000000  0.0000000  0.0000000  1.0861373 0.0000000
TCGA-A6-2682-11A 1.1829485  0.0000000  0.0000000  0.0000000  0.0000000 0.0000000
TCGA-A6-2682-01A 0.0000000  0.0000000  0.0000000  1.1973435  0.0000000 0.0000000
TCGA-A6-2683-11A 0.0000000  0.0000000  0.0000000  0.0000000  1.0639375 0.0000000
TCGA-A6-2684-11A 0.0000000  0.0000000  0.0000000  0.0000000  0.0000000 1.1051600
TCGA-A6-2684-01A 0.0000000  0.0000000  0.0000000  0.0000000  0.0000000 1.1027372
TCGA-A6-2685-11A 0.0000000  0.0000000  1.1257851  0.0000000  0.0000000 0.0000000
TCGA-A6-2685-01A 0.0000000  0.0000000  0.0000000  0.0000000  1.3772177 0.0000000
TCGA-A6-2686-11A 0.0000000  0.0000000  0.0000000  0.0000000  1.1230381 0.0000000
TCGA-A6-2686-01A 0.0000000  0.0000000  0.0000000  1.2350914  0.0000000 0.0000000
TCGA-A6-4105-01A 0.0000000  0.0000000  0.0000000  1.0986556  0.0000000 0.0000000
TCGA-A6-5656-01A 0.0000000  0.0000000  0.5540620  0.0000000  0.0000000 0.0000000
TCGA-A6-5657-01A 0.0000000  1.1022337  0.0000000  0.0000000  0.0000000 0.0000000
TCGA-A6-5659-11A 0.0000000  0.0000000  0.0000000  1.1409755  0.0000000 0.0000000
TCGA-A6-5659-01A 0.0000000  0.0000000  0.0000000  0.0000000  0.5777516 0.0000000
TCGA-A6-5660-01A 0.0000000  0.0000000  0.0000000  0.0000000  0.7545874 0.0000000
TCGA-A6-5661-01A 0.0000000  0.0000000  0.0000000  0.8552725  0.0000000 0.0000000
TCGA-A6-5662-11A 0.0000000  1.2932763  0.0000000  0.0000000  0.0000000 0.0000000
TCGA-A6-5662-01A 0.0000000  0.0000000  0.0000000  0.0000000  0.6233814 0.0000000
TCGA-A6-5664-01A 0.0000000  0.0000000  0.0000000  1.4281908  0.0000000 0.0000000
TCGA-A6-5665-11A 0.0000000  1.3107518  0.0000000  0.0000000  0.0000000 0.0000000
TCGA-A6-5665-01A 0.0000000  0.0000000  0.0000000  0.7227770  0.0000000 0.0000000
TCGA-A6-5666-01A 0.0000000  0.0000000  0.0000000  0.4098663  0.0000000 0.0000000
TCGA-A6-5667-11A 1.1448000  0.0000000  0.0000000  0.0000000  0.0000000 0.0000000
TCGA-A6-5667-01A 0.0000000  0.0000000  0.0000000  0.0000000  0.6912071 0.0000000
TCGA-A6-6137-01A 0.0000000  0.8662466  0.0000000  0.0000000  0.0000000 0.0000000
TCGA-A6-6138-01A 0.0000000  0.0000000  0.0000000  0.0000000  0.0000000 1.3467957
TCGA-A6-6140-01A 0.0000000  0.0000000  0.0000000  0.6254989  0.0000000 0.0000000
TCGA-A6-6141-01A 0.0000000  0.8997170  0.0000000  0.0000000  0.0000000 0.0000000
TCGA-A6-6142-01A 0.0000000  0.0000000  0.0000000  1.6097652  0.0000000 0.0000000
TCGA-A6-6648-01A 0.0000000  0.0000000  0.6491665  0.0000000  0.0000000 0.0000000
TCGA-A6-6649-01A 0.0000000  1.0488288  0.0000000  0.0000000  0.0000000 0.0000000
TCGA-A6-6650-01A 0.0000000  0.0000000  0.5732367  0.0000000  0.0000000 0.0000000
TCGA-A6-6651-01A 0.0000000  0.0000000  0.0000000  0.0000000  1.8685277 0.0000000
TCGA-A6-6652-01A 0.0000000  0.0000000  0.6451859  0.0000000  0.0000000 0.0000000
TCGA-A6-6653-01A 0.0000000  0.0000000  0.0000000  1.0832060  0.0000000 0.0000000
TCGA-A6-6654-01A 0.0000000  0.0000000  0.0000000  0.0000000  0.0000000 2.5086198
TCGA-A6-6780-01A 0.0000000  0.0000000  0.0000000  0.0000000  0.0000000 1.3488248
TCGA-A6-6781-01A 0.0000000  0.0000000  0.0000000  2.4344268  0.0000000 0.0000000
TCGA-A6-6782-01A 0.0000000  0.0000000  0.0000000  0.0000000  1.0166214 0.0000000
TCGA-A6-A565-01A 0.0000000  1.6028292  0.0000000  0.0000000  0.0000000 0.0000000
TCGA-A6-A566-01A 0.0000000  0.0000000  0.0000000  0.0000000  0.0000000 2.2816759
TCGA-A6-A567-01A 0.0000000  0.0000000  0.6806438  0.0000000  0.0000000 0.0000000
TCGA-A6-A56B-01A 0.0000000  0.0000000  0.7915486  0.0000000  0.0000000 0.0000000
TCGA-A6-A5ZU-01A 0.0000000  0.0000000  0.0000000  0.0000000  0.0000000 1.1716223
TCGA-AA-3489-11A 0.0000000  0.0000000  0.0000000  1.4767361  0.0000000 0.0000000
TCGA-AA-3489-01A 1.7664347  0.0000000  0.0000000  0.0000000  0.0000000 0.0000000
TCGA-AA-3492-01A 0.0000000  0.0000000  0.0000000  0.7483844  0.0000000 0.0000000
TCGA-AA-3495-01A 0.0000000  0.0000000  0.0000000  0.6448930  0.0000000 0.0000000
TCGA-AA-3496-11A 0.0000000  0.0000000  0.0000000  0.0000000  1.0801924 0.0000000
TCGA-AA-3496-01A 0.0000000  0.0000000  0.0000000  0.0000000  1.1265848 0.0000000
TCGA-AA-3502-01A 0.0000000  0.0000000  0.0000000  0.0000000  0.5659698 0.0000000
TCGA-AA-3506-01A 0.0000000  0.0000000  0.0000000  0.8630666  0.0000000 0.0000000
TCGA-AA-3509-01A 0.0000000  0.0000000  0.0000000  0.0000000  0.6997395 0.0000000
TCGA-AA-3511-11A 1.1446022  0.0000000  0.0000000  0.0000000  0.0000000 0.0000000
TCGA-AA-3511-01A 0.0000000  0.0000000  0.9478234  0.0000000  0.0000000 0.0000000
TCGA-AA-3514-11A 0.0000000  0.0000000  0.0000000  1.5236721  0.0000000 0.0000000
TCGA-AA-3516-11A 0.0000000  0.0000000  1.6073914  0.0000000  0.0000000 0.0000000
TCGA-AA-3517-11A 1.3010633  0.0000000  0.0000000  0.0000000  0.0000000 0.0000000
TCGA-AA-3518-11A 0.0000000  0.0000000  0.0000000  0.0000000  1.1188121 0.0000000
TCGA-AA-3520-11A 0.0000000  0.0000000  0.0000000  0.0000000  1.2242514 0.0000000
TCGA-AA-3522-11A 0.0000000  0.0000000  0.0000000  0.0000000  1.1296221 0.0000000
TCGA-AA-3525-11A 1.3621848  0.0000000  0.0000000  0.0000000  0.0000000 0.0000000
TCGA-AA-3526-01A 0.0000000  0.0000000  0.0000000  0.8526521  0.0000000 0.0000000
TCGA-AA-3527-11A 0.0000000  0.0000000  0.0000000  0.0000000  1.2755668 0.0000000
TCGA-AA-3531-11A 0.0000000  0.0000000  0.0000000  1.3520832  0.0000000 0.0000000
TCGA-AA-3534-11A 0.0000000  0.0000000  0.0000000  0.0000000  1.1293483 0.0000000
TCGA-AA-3655-11A 0.0000000  0.0000000  0.0000000  0.0000000  0.9416827 0.0000000
TCGA-AA-3655-01A 0.0000000  0.8732457  0.0000000  0.0000000  0.0000000 0.0000000
TCGA-AA-3660-11A 0.0000000  0.0000000  0.0000000  0.0000000  0.9792005 0.0000000
TCGA-AA-3660-01A 0.0000000  0.0000000  0.0000000  0.0000000  0.6627341 0.0000000
TCGA-AA-3662-11A 0.0000000  0.0000000  0.0000000  0.0000000  0.9369411 0.0000000
TCGA-AA-3662-01A 0.0000000  0.0000000  0.0000000  0.8573388  0.0000000 0.0000000
TCGA-AA-3663-11A 0.0000000  0.0000000  0.0000000  0.0000000  1.1433202 0.0000000
TCGA-AA-3663-01A 0.0000000  0.0000000  0.0000000  0.7430348  0.0000000 0.0000000
TCGA-AA-3675-01A 0.0000000  0.0000000  0.0000000  0.6882480  0.0000000 0.0000000
TCGA-AA-3685-01A 0.0000000  0.0000000  0.0000000  0.8628511  0.0000000 0.0000000
TCGA-AA-3697-11A 0.0000000  0.0000000  0.0000000  0.0000000  0.0000000 1.3821299
TCGA-AA-3697-01A 0.0000000  0.0000000  0.0000000  0.6765393  0.0000000 0.0000000
TCGA-AA-3712-11A 0.0000000  0.0000000  0.0000000  0.0000000  1.1434761 0.0000000
TCGA-AA-3712-01A 0.0000000  0.0000000  0.9455837  0.0000000  0.0000000 0.0000000
TCGA-AA-3713-11A 0.0000000  0.0000000  0.0000000  0.0000000  0.8431280 0.0000000
TCGA-AA-3713-01A 0.0000000  0.0000000  0.0000000  0.9618006  0.0000000 0.0000000
TCGA-AA-A01P-01A 0.0000000  0.0000000  0.0000000  0.0000000  0.0000000 2.1759510
TCGA-AA-A01X-01A 0.0000000  0.6785281  0.0000000  0.0000000  0.0000000 0.0000000
TCGA-AA-A01Z-01A 0.0000000  0.0000000  0.0000000  0.3916940  0.0000000 0.0000000
TCGA-AA-A02K-01A 0.0000000  0.0000000  0.0000000  0.0000000  0.5711677 0.0000000
TCGA-AA-A02Y-01A 0.0000000  0.0000000  0.0000000  0.0000000  0.0000000 0.7407903
TCGA-AD-5900-01A 0.0000000  0.0000000  0.0000000  1.0770001  0.0000000 0.0000000
TCGA-AD-6548-01A 0.0000000  0.0000000  0.0000000  1.3161836  0.0000000 0.0000000
TCGA-AD-6888-01A 0.0000000  0.0000000  0.0000000  0.5896165  0.0000000 0.0000000
TCGA-AD-6889-01A 0.0000000  0.0000000  0.0000000  0.8232332  0.0000000 0.0000000
TCGA-AD-6890-01A 0.0000000  0.0000000  0.8275298  0.0000000  0.0000000 0.0000000
TCGA-AD-6895-01A 0.0000000  0.0000000  0.0000000  1.3446282  0.0000000 0.0000000
TCGA-AD-6899-01A 0.0000000  0.0000000  0.0000000  0.0000000  0.0000000 1.4020322
TCGA-AD-6901-01A 0.0000000  0.0000000  1.2956004  0.0000000  0.0000000 0.0000000
TCGA-AD-6963-01A 0.0000000  0.0000000  0.0000000  0.0000000  0.0000000 0.7584572
TCGA-AD-6964-01A 0.0000000  0.0000000  0.0000000  0.0000000  1.7640394 0.0000000
TCGA-AD-6965-01A 0.0000000  0.6109784  0.0000000  0.0000000  0.0000000 0.0000000
TCGA-AD-A5EJ-01A 0.0000000  0.0000000  0.0000000  0.8921943  0.0000000 0.0000000
TCGA-AD-A5EK-01A 0.0000000  0.4866060  0.0000000  0.0000000  0.0000000 0.0000000
TCGA-AM-5820-01A 0.0000000  0.0000000  0.0000000  0.0000000  0.6848648 0.0000000
TCGA-AM-5821-01A 0.0000000  0.0000000  0.0000000  1.8363121  0.0000000 0.0000000
TCGA-AU-3779-01A 0.0000000  0.0000000  0.0000000  1.0442587  0.0000000 0.0000000
TCGA-AU-6004-01A 0.0000000  0.0000000  0.0000000  0.0000000  0.0000000 1.5001089
TCGA-AY-5543-01A 0.0000000  0.0000000  0.0000000  0.0000000  0.0000000 0.8892683
TCGA-AY-6196-01A 3.1765107  0.0000000  0.0000000  0.0000000  0.0000000 0.0000000
TCGA-AY-6197-01A 0.0000000  0.0000000  0.0000000  0.9211149  0.0000000 0.0000000
TCGA-AY-6386-01A 0.0000000  0.0000000  0.0000000  0.8289267  0.0000000 0.0000000
TCGA-AY-A54L-01A 0.0000000  0.0000000  0.0000000  0.5089771  0.0000000 0.0000000
TCGA-AY-A69D-01A 0.0000000  0.0000000  0.7571159  0.0000000  0.0000000 0.0000000
TCGA-AY-A71X-01A 0.0000000  0.5044206  0.0000000  0.0000000  0.0000000 0.0000000
TCGA-AY-A8YK-01A 0.0000000  0.0000000  0.6337078  0.0000000  0.0000000 0.0000000
TCGA-AZ-4313-01A 0.0000000  0.0000000  0.0000000  0.4879605  0.0000000 0.0000000
TCGA-AZ-4315-01A 0.0000000  0.0000000  0.0000000  0.7131451  0.0000000 0.0000000
TCGA-AZ-4323-01A 1.5524992  0.0000000  0.0000000  0.0000000  0.0000000 0.0000000
TCGA-AZ-4614-01A 0.0000000  0.4652620  0.0000000  0.0000000  0.0000000 0.0000000
TCGA-AZ-4615-01A 0.0000000  0.0000000  0.0000000  0.0000000  0.0000000 1.6359032
TCGA-AZ-4616-01A 1.0258636  0.0000000  0.0000000  0.0000000  0.0000000 0.0000000
TCGA-AZ-4682-01B 0.0000000  0.0000000  0.0000000  0.5069348  0.0000000 0.0000000
TCGA-AZ-4684-01A 0.0000000  0.0000000  0.0000000  1.0757087  0.0000000 0.0000000
TCGA-AZ-5403-01A 0.0000000  0.0000000  0.9178073  0.0000000  0.0000000 0.0000000
TCGA-AZ-5407-01A 0.0000000  0.5371194  0.0000000  0.0000000  0.0000000 0.0000000
TCGA-AZ-6598-11A 0.0000000  1.0332301  0.0000000  0.0000000  0.0000000 0.0000000
TCGA-AZ-6598-01A 0.0000000  0.0000000  0.0000000  0.0000000  0.8399456 0.0000000
TCGA-AZ-6599-11A 0.0000000  0.0000000  0.0000000  0.0000000  1.1692947 0.0000000
TCGA-AZ-6599-01A 0.0000000  0.5610708  0.0000000  0.0000000  0.0000000 0.0000000
TCGA-AZ-6600-11A 0.0000000  1.2297688  0.0000000  0.0000000  0.0000000 0.0000000
TCGA-AZ-6600-01A 0.0000000  1.2129033  0.0000000  0.0000000  0.0000000 0.0000000
TCGA-AZ-6601-11A 0.0000000  1.0289446  0.0000000  0.0000000  0.0000000 0.0000000
TCGA-AZ-6601-01A 0.0000000  0.0000000  0.0000000  0.0000000  0.0000000 1.1349619
TCGA-AZ-6603-11A 0.0000000  0.0000000  0.0000000  0.0000000  1.3792877 0.0000000
TCGA-AZ-6603-01A 0.0000000  0.0000000  0.9252145  0.0000000  0.0000000 0.0000000
TCGA-AZ-6605-11A 0.0000000  1.1822154  0.0000000  0.0000000  0.0000000 0.0000000
TCGA-AZ-6605-01A 0.0000000  0.0000000  1.6324092  0.0000000  0.0000000 0.0000000
TCGA-AZ-6606-01A 0.0000000  0.0000000  0.0000000  0.7005958  0.0000000 0.0000000
TCGA-AZ-6607-01A 0.0000000  0.0000000  3.0969170  0.0000000  0.0000000 0.0000000
TCGA-AZ-6608-01A 0.0000000  0.3599547  0.0000000  0.0000000  0.0000000 0.0000000
TCGA-CA-5254-01A 0.8283086  0.0000000  0.0000000  0.0000000  0.0000000 0.0000000
TCGA-CA-5255-01A 0.0000000  0.0000000  0.0000000  0.0000000  0.0000000 0.7484118
TCGA-CA-5256-01A 0.0000000  0.0000000  0.0000000  0.0000000  0.4684886 0.0000000
TCGA-CA-5796-01A 0.0000000  0.0000000  0.0000000  0.7883409  0.0000000 0.0000000
TCGA-CA-5797-01A 0.0000000  0.0000000  0.0000000  0.0000000  0.8211043 0.0000000
TCGA-CA-6715-01A 0.0000000  0.0000000  0.4857611  0.0000000  0.0000000 0.0000000
TCGA-CA-6716-01A 0.0000000  0.5843213  0.0000000  0.0000000  0.0000000 0.0000000
TCGA-CA-6717-01A 0.0000000  0.0000000  0.0000000  0.0000000  1.2620769 0.0000000
TCGA-CA-6718-01A 0.0000000  0.0000000  0.0000000  0.0000000  0.0000000 1.7329167
TCGA-CA-6719-01A 0.0000000  0.0000000  0.0000000  0.0000000  1.1831344 0.0000000
TCGA-CK-4947-01B 0.0000000  0.0000000  0.0000000  0.0000000  1.0780777 0.0000000
TCGA-CK-4948-01B 0.0000000  0.4459753  0.0000000  0.4719612  0.0000000 0.0000000
TCGA-CK-4950-01A 0.0000000  0.0000000  0.0000000  0.9898733  0.0000000 0.0000000
TCGA-CK-4951-01A 0.0000000  0.0000000  0.0000000  1.4824366  0.0000000 0.0000000
TCGA-CK-4952-01A 0.0000000  0.0000000  0.0000000  0.7457598  0.0000000 0.0000000
 [ reached getOption("max.print") -- omitted 162 rows ]
