"B_cell"	"T_cell.CD4"	"T_cell.CD8"	"Neutrophil"	"Macrophage"	"DC"
"TCGA-18-3406-01A"	2.37193996486789	0	0	0	0	0
"TCGA-18-3407-01A"	0	0	1.08526769323016	0	0	0
"TCGA-18-3408-01A"	0	0	0	0	0.742038246692019	0
"TCGA-18-3409-01A"	0	0	0	0	1.37248358787556	0
"TCGA-18-3410-01A"	0	0	0	1.01931863425787	0	0
"TCGA-18-3411-01A"	0	0	0	0	0.76059989909467	0
"TCGA-18-3412-01A"	0	0	0	0.767305015752218	0	0
"TCGA-18-3414-01A"	0	0	0	0.783549657291572	0	0
"TCGA-18-3415-01A"	0	0	0	0.952816866801645	0	0
"TCGA-18-3416-01A"	0	0	0	0.965345356070367	0	0
"TCGA-18-3417-01A"	0	0	1.37080820745008	0	0	0
"TCGA-18-3419-01A"	0	0	0	0.851833446743292	0	0
"TCGA-18-3421-01A"	0	0	0	0.772601554621015	0	0
"TCGA-18-4083-01A"	0	0	0.642609910228649	0	0	0
"TCGA-18-4086-01A"	0	0	0	0.777707202759918	0	0
"TCGA-18-4721-01A"	0.97174024658337	0	0	0	0	0
"TCGA-18-5592-01A"	0	0	0.595600823389936	0	0	0
"TCGA-18-5595-01A"	0	0	0	0	0	0.537893843296269
"TCGA-21-1070-01A"	0	0	0	1.28183683917054	0	0
"TCGA-21-1071-01A"	0	0	0	0.900921700890848	0	0
"TCGA-21-1072-01A"	0	0	0	0.633493505969264	0	0
"TCGA-21-1075-01A"	0.379373222924076	0	0	0	0	0
"TCGA-21-1076-01A"	0	0	0	0	1.81480435317405	0
"TCGA-21-1077-01A"	0	0	0	0	0	0.831763429641816
"TCGA-21-1078-01A"	0	0.642532299271269	0	0	0	0
"TCGA-21-1079-01A"	0	0	2.21739219173572	0	0	0
"TCGA-21-1080-01A"	0	0	0	0.625689186715988	0	0
"TCGA-21-1081-01A"	0	0	0.702719279351457	0	0	0
"TCGA-21-1082-01A"	0.803725926747354	0	0	0	0	0
"TCGA-21-1083-01A"	0.894444339567919	0	0	0	0	0
"TCGA-21-5782-01A"	0	0.865620458451022	0	0	0	0
"TCGA-21-5783-01A"	0	0	1.11509372051784	0	0	0
"TCGA-21-5784-01A"	0	0	0	1.06317463858087	0	0
"TCGA-21-5786-01A"	0	0	0.838019078805041	0	0	0
"TCGA-21-5787-01A"	0	0	1.10280618151965	0	0	0
"TCGA-21-A5DI-01A"	0	0	0	0.958081460191818	0	0
"TCGA-22-0940-01A"	0	0	0	0	0	1.32486957705581
"TCGA-22-0944-01A"	0	0	0	0.744423816824838	0	0
"TCGA-22-1000-01A"	0	0	0	0	1.75739901331689	0
"TCGA-22-1002-01A"	0	0	0	1.0259546313102	0	0
"TCGA-22-1005-01A"	1.53721398892648	0	0	0	0	0
"TCGA-22-1011-01A"	0	0	0	1.05273645778307	0	0
"TCGA-22-1012-01A"	0	0	0.708512243507165	0	0	0
"TCGA-22-1016-01A"	0	0	0	0	1.28695115675709	0
"TCGA-22-1017-01A"	0	0	0	0	1.02598236722386	0
"TCGA-22-4591-01A"	0.613225371214039	0	0	0	0	0
"TCGA-22-4593-11A"	0	0	0	0	1.96931164784674	0
"TCGA-22-4593-01A"	0	0	0.807990248482228	0	0	0
"TCGA-22-4594-01A"	0.986831899623108	0	0	0	0	0
"TCGA-22-4595-01A"	0	0	0	0	1.07303712232889	0
"TCGA-22-4596-01A"	0	0	0	0	0	1.74092264491519
"TCGA-22-4599-01A"	0	0	0	0	0.967024005400029	0
"TCGA-22-4601-01A"	0.569951076332755	0	0	0	0	0
"TCGA-22-4604-01A"	0	0	0	0	0	1.20310871818572
"TCGA-22-4605-01A"	0	0	0	0	0	1.09098681406379
"TCGA-22-4607-01A"	0	0	0	0.846526376281716	0	0
"TCGA-22-4609-11A"	0	0	0	1.667923205754	0	0
"TCGA-22-4609-01A"	0	0	0	0	1.33054720916796	0
"TCGA-22-4613-01A"	0	0	0	0	0.720479057806371	0
"TCGA-22-5471-11A"	0	0	0	0	1.55894756224995	0
"TCGA-22-5471-01A"	0	0	0.869472756880478	0	0	0
"TCGA-22-5472-11A"	0	0	0	0	1.50587731777895	0
"TCGA-22-5472-01A"	0	0	0	0	0.785476623575887	0
"TCGA-22-5473-01A"	0	0	0.643052240644762	0	0	0
"TCGA-22-5474-01A"	0.99639180314172	0	0	0	0	0
"TCGA-22-5477-01A"	0	0	0.46883337724472	0	0	0
"TCGA-22-5478-11A"	0	0	0	0	1.74843012225632	0
"TCGA-22-5478-01A"	0	0	0	0	0.873500074490556	0
"TCGA-22-5479-01A"	0	0	0.632708475373498	0	0	0
"TCGA-22-5480-01A"	1.17811470150268	0	0	0	0	0
"TCGA-22-5481-11A"	0	0	0	0	1.4457793793158	0
"TCGA-22-5481-01A"	0.703364467814191	0	0	0	0	0
"TCGA-22-5482-11A"	0	0	0	0	1.50863295800702	0
"TCGA-22-5482-01A"	0	0	0	0	0	0.823249440910625
"TCGA-22-5483-11A"	0	0	0	0	1.83775813321988	0
"TCGA-22-5483-01A"	0	0	0	0	0.800449006025924	0
"TCGA-22-5485-01A"	0	0	0	0	0.534774325588124	0
"TCGA-22-5489-11A"	0	0	0	0	1.26473217051618	0
"TCGA-22-5489-01A"	0	0	0	1.36725355350097	0	0
"TCGA-22-5491-11A"	0	0	0	0	1.1874190427717	0
"TCGA-22-5491-01A"	0	0	0	0.486421292459603	0	0
"TCGA-22-5492-01A"	0	0	0	0	0.967746565971581	0
"TCGA-22-A5C4-01A"	0	0	0	0	0.663816696202703	0
"TCGA-33-4532-01A"	0	0.441112319163795	0	0	0	0
"TCGA-33-4533-01A"	0	0	0	0	0	0.953572395324463
"TCGA-33-4538-01A"	0	0	0	0.549605421569976	0	0
"TCGA-33-4547-01A"	0	0	0	0.946002438715882	0	0
"TCGA-33-4566-01A"	0	0	0	0	0	1.24251805178082
"TCGA-33-4582-01A"	0	0	0	0	0	0.610730609894634
"TCGA-33-4583-01A"	0	0	0	0.623612953744648	0	0
"TCGA-33-4586-01A"	0	0	0.621818823901668	0	0	0
"TCGA-33-4587-11A"	0	0	0	0	1.39139465291504	0
"TCGA-33-4587-01A"	0	0	0	0.444119999230103	0	0
"TCGA-33-4589-01A"	0	0	0	0	0	1.75730819920818
"TCGA-33-6737-11A"	0	1.35425198815904	0	0	0	0
"TCGA-33-6737-01A"	0	0	0	0	1.07718421218476	0
"TCGA-33-6738-01A"	0	0	0.77038649785126	0	0	0
"TCGA-33-A4WN-01A"	0	0	0	0.511393471609976	0	0
"TCGA-33-A5GW-01A"	0.551751931030703	0	0	0	0	0
"TCGA-33-AAS8-01A"	0.407969697985041	0	0	0	0	0
"TCGA-33-AASB-01A"	0	0	0	0	0	0.735081755645337
"TCGA-33-AASD-01A"	0	0	0	0	0	0.68060739181658
"TCGA-33-AASI-01A"	0	0.721287920982121	0	0	0	0
"TCGA-33-AASJ-01A"	0	0.425048065942659	0	0	0	0
"TCGA-33-AASL-01A"	0	0	0.703968568115134	0	0	0
"TCGA-34-2596-01A"	0.678451870399145	0	0	0	0	0
"TCGA-34-2600-01A"	0	0	0	0	0.558135824454829	0
"TCGA-34-2608-01A"	0	0	0	0	1.3313660700373	0
"TCGA-34-5231-01A"	0	0.554099455952008	0	0	0	0
"TCGA-34-5232-01A"	0	0	0	1.01176991658066	0	0
"TCGA-34-5234-01A"	0	0	0	1.62995876752418	0	0
"TCGA-34-5236-01A"	0	0	0	0	0	1.35259776744762
"TCGA-34-5239-01A"	1.2107848491881	0	0	0	0	0
"TCGA-34-5240-01A"	0	0	0	0	0.676711172712233	0
"TCGA-34-5241-01A"	0	0	0	1.30283917341524	0	0
"TCGA-34-5927-01A"	0	0.453470846707494	0	0	0	0
"TCGA-34-5928-01A"	0	0	1.62043094614563	0	0	0
"TCGA-34-5929-01A"	0	0.793323046793223	0	0	0	0
"TCGA-34-7107-11A"	0	0	0	0	2.53211087845785	0
"TCGA-34-7107-01A"	0.744344727741235	0	0	0	0	0
"TCGA-34-8454-11A"	0	0	0	0	1.36102871417512	0
"TCGA-34-8454-01A"	0	0	0	1.16621182477496	0	0
"TCGA-34-8455-01A"	0	0	1.00974911815125	0	0	0
"TCGA-34-8456-01A"	0	0.518978346506878	0	0	0	0
"TCGA-34-A5IX-01A"	0	0	0	1.05248621459221	0	0
"TCGA-37-3783-01A"	0	0	0	1.8061416971834	0	0
"TCGA-37-3789-01A"	0	0	0	1.51481394375416	0	0
"TCGA-37-3792-01A"	0	0	0	2.07378988262219	0	0
"TCGA-37-4129-01A"	0	0.349554906164432	0	0	0	0
"TCGA-37-4130-01A"	0	0	1.34329448642524	0	0	0
"TCGA-37-4132-01A"	0.937688762966014	0	0	0	0	0
"TCGA-37-4133-01A"	0	0	0	0	0.807746565103586	0
"TCGA-37-4135-01A"	0	0	0	0.6849889669973	0	0
"TCGA-37-4141-01A"	0.690389889894684	0	0	0	0	0
"TCGA-37-5819-01A"	0.548544251691085	0	0	0	0	0
"TCGA-37-A5EL-01A"	0	0	0.580396987890795	0	0	0
"TCGA-37-A5EM-01A"	0	0	0	0	0	1.009445293649
"TCGA-37-A5EN-01A"	0	0.385859716982477	0	0	0	0
"TCGA-39-5011-01A"	1.25838704753411	0	0	0	0	0
"TCGA-39-5016-01A"	0.732778214822483	0	0	0	0	0
"TCGA-39-5019-01A"	0	0	0	0	0.895908961300059	0
"TCGA-39-5021-01A"	0	0	0	0	0.711092546614491	0
"TCGA-39-5022-01A"	1.67115532057858	0	0	0	0	0
"TCGA-39-5024-01A"	0	0	1.09725414907206	0	0	0
"TCGA-39-5027-01A"	0	0.37322998596368	0	0	0	0
"TCGA-39-5028-01A"	0	0	1.3516167383352	0	0	0
"TCGA-39-5029-01A"	0	0	0	0	0	1.07358105493221
"TCGA-39-5030-01A"	0	1.42093291521937	0	0	0	0
"TCGA-39-5031-01A"	0	0	0	0	0.877678834856498	0
"TCGA-39-5034-01A"	0	0	0.90539102759649	0	0	0
"TCGA-39-5035-01A"	1.04301852737583	0	0	0	0	0
"TCGA-39-5036-01A"	0	0	0	0	0	0.563445235300189
"TCGA-39-5037-01A"	0	0	0.359343013500525	0	0	0
"TCGA-39-5039-01A"	0	0	1.2492132105907	0	0	0
"TCGA-39-5040-11A"	0	0	0	1.54305576804754	0	0
"TCGA-39-5040-01A"	0	0	0	0.919369851665083	0	0
"TCGA-43-2576-01A"	0	0	0	0	1.37423421046627	0
"TCGA-43-2578-01A"	0	0	0	0	0.645733943177173	0
"TCGA-43-2581-01A"	0	0	0	1.97951624375282	0	0
"TCGA-43-3394-11A"	0	0	0	0	1.66309726837949	0
"TCGA-43-3394-01A"	0	0	0	0	0	0.554741841565795
"TCGA-43-3920-01A"	0	0	0	1.1556464972091	0	0
"TCGA-43-5668-01A"	0	0	0	0	1.28567623271678	0
"TCGA-43-5670-11A"	0	0	0	0	1.48119101940974	0
"TCGA-43-5670-01A"	0	0	0	1.06840827751827	0	0
"TCGA-43-6143-11A"	0	0	0	0	1.90168387469001	0
"TCGA-43-6143-01A"	0	0	0	0	0	0.628959700349929
"TCGA-43-6647-11A"	0	0	0	0	1.57561859310593	0
"TCGA-43-6647-01A"	0	0	1.66982565338246	0	0	0
"TCGA-43-6770-01A"	0	0	0	0	0	0.84030928018883
"TCGA-43-6771-11A"	0	0	0	2.27794401521145	0	0
"TCGA-43-6771-01A"	0	0	1.9151849925733	0	0	0
"TCGA-43-6773-11A"	0	0	0	0	2.16800406580704	0
"TCGA-43-6773-01A"	0	1.42585180651148	0	0	0	0
"TCGA-43-7656-01A"	0.773205608939882	0	0	0	0	0
"TCGA-43-7657-11A"	0	0	0	0	1.34065004335368	0
"TCGA-43-7657-01A"	0	0	0	0	0	1.06412519214261
"TCGA-43-7658-11A"	0	0	0	0	1.2912764434236	0
"TCGA-43-7658-01A"	0	0.550527303640092	0	0	0	0
"TCGA-43-8115-01A"	0	0	0	0	1.28477502695239	0
"TCGA-43-8116-01A"	0	0	0	0.84209537014656	0	0
"TCGA-43-8118-01A"	0	0	0	0	0.834249611618157	0
"TCGA-43-A474-01A"	0	0	0	0	0	0.574633347852154
"TCGA-43-A475-01A"	0	1.20787208773643	0	0	0	0
"TCGA-43-A56U-01A"	0	0	0	1.45896965585816	0	0
"TCGA-43-A56V-01A"	0	0	0.777979153493348	0	0	0
"TCGA-46-3765-01A"	0.85075009558059	0	0	0	0	0
"TCGA-46-3766-01A"	0	0	0	0	1.58478833929447	0
"TCGA-46-3767-01A"	1.38376527612333	0	0	0	0	0
"TCGA-46-3768-01A"	0	0	0	0	0.597314564283922	0
"TCGA-46-3769-01A"	0	0	0	0	0	1.36952226051182
"TCGA-46-6025-01A"	0	0	0.749231251491452	0	0	0
"TCGA-46-6026-01A"	0	0.442543420336272	0	0	0	0
"TCGA-51-4079-11A"	0	0	0	1.51522505853565	0	0
"TCGA-51-4079-01A"	0	0	0	0.865900236176476	0	0
"TCGA-51-4080-11A"	0	0	0	0	1.84304843975505	0
"TCGA-51-4080-01A"	0	0	0	0	0	0.475176864217275
"TCGA-51-4081-11A"	0	0	0	0	2.20462967674849	0
"TCGA-51-4081-01A"	0	0	0.562941977118176	0	0	0
"TCGA-51-6867-01A"	0	0	0.768776933067416	0	0	0
"TCGA-52-7622-01A"	1.17504548226642	0	0	0	0	0
"TCGA-52-7809-01A"	0	0.451931925820284	0	0	0	0
"TCGA-52-7810-01A"	0	0	0	0	0	0.936114026697737
"TCGA-52-7811-01A"	0	0	0	1.00213168266457	0	0
"TCGA-52-7812-01A"	0	0	0	0	0	1.17897752393359
"TCGA-56-1622-01A"	0	0	0	0.964649426499085	0	0
"TCGA-56-5897-01A"	1.46024489113947	0	0	0	0	0
"TCGA-56-5898-01A"	0	0	0	0	0	0.859900967208069
"TCGA-56-6545-01A"	0	0	1.45026156446607	0	0	0
"TCGA-56-6546-01A"	0	0	0	0	0	1.14948586756096
"TCGA-56-7221-01A"	0	0.53755584794207	0	0	0	0
"TCGA-56-7222-11A"	0	0	0	0	1.5063506143554	0
"TCGA-56-7222-01A"	0	0	0	0.799437331114239	0	0
"TCGA-56-7223-01A"	0	0	0.355199580121684	0	0	0
"TCGA-56-7579-11A"	0	0	0	0	1.50351354109193	0
"TCGA-56-7579-01A"	0	0	0	0.64283689743031	0	0
"TCGA-56-7580-11A"	0	0	0	0	1.31395300480807	0
"TCGA-56-7580-01A"	0	0	0	0.677964650634362	0	0
"TCGA-56-7582-11A"	0	0	0	0	1.20918129681954	0
"TCGA-56-7582-01A"	0	0	0	0	0	0.753469909432808
"TCGA-56-7730-11A"	0	0	0	0	1.27913500312762	0
"TCGA-56-7730-01A"	0	0	0.394957143767008	0	0	0
"TCGA-56-7731-11A"	0	0	0	2.02926768984418	0	0
"TCGA-56-7731-01A"	0	0	0	1.22197310653464	0	0
"TCGA-56-7822-01A"	0	0	0	0	0	1.11100829112199
"TCGA-56-7823-11A"	0	0	0	0	1.53394624564963	0
"TCGA-56-7823-01B"	0	0.416432192335657	0	0	0	0
"TCGA-56-8082-11A"	0	0	0	2.13635325915463	0	0
"TCGA-56-8082-01A"	0	0	0	0.598893476348698	0	0
"TCGA-56-8083-11A"	0	0	0	0	1.34347695882335	0
"TCGA-56-8083-01A"	0	0.488751026665923	0	0	0	0
"TCGA-56-8201-11A"	0	0	0	0	1.95472441946115	0
"TCGA-56-8201-01A"	0	0	0	0	0	1.73528657202495
"TCGA-56-8304-01A"	0	0	0	0.627572338735206	0	0
"TCGA-56-8305-01A"	0	0.773492295047292	0	0	0	0
"TCGA-56-8307-01A"	0.810425085399117	0	0	0	0	0
"TCGA-56-8308-01A"	0	0.814935562503825	0	0	0	0
"TCGA-56-8309-11A"	0	0	0	0	1.67031474097242	0
"TCGA-56-8309-01A"	0	1.47003460447563	0	0	0	0
"TCGA-56-8503-01A"	0	0	0	1.52262899097645	0	0
"TCGA-56-8504-01A"	0.704087080484405	0	0	0	0	0
"TCGA-56-8622-01A"	0	0.950635719709766	0	0	0	0
"TCGA-56-8623-11A"	0	0	0	0	1.5569014025769	0
"TCGA-56-8623-01A"	0	0	0	0	1.90921543205411	0
"TCGA-56-8624-01A"	0	0	0	0	0.878176083158924	0
"TCGA-56-8625-01A"	0	0	0	0	1.45865371038534	0
"TCGA-56-8626-01A"	0	0	1.00481393470235	0	0	0
"TCGA-56-8628-01A"	0	0	0	0	1.18264297948842	0
"TCGA-56-8629-01A"	0	0	0.851907403234596	0	0	0
"TCGA-56-A49D-01A"	0	0	0	0.807307566008836	0	0
"TCGA-56-A4BW-01A"	0	0	0.962347189282624	0	0	0
"TCGA-56-A4BX-01A"	0	0	0	0	0.357296184989798	0
"TCGA-56-A4BY-01A"	0	0.567497849809243	0	0	0	0
"TCGA-56-A4ZJ-01A"	0	0	0	0	1.34726469331997	0
"TCGA-56-A4ZK-01A"	0	0	0	0	0	0.800126505553581
"TCGA-56-A5DR-01A"	0	0	0	0.744056344353775	0	0
"TCGA-56-A5DS-01A"	0	0	0	0.767635348510683	0	0
"TCGA-56-A62T-01A"	0	0	0	0	0	0.954536207843035
"TCGA-58-8386-11A"	0	0	0	0	1.77746231323056	0
"TCGA-58-8386-01A"	0	0	0	0	1.15247717315696	0
"TCGA-58-8387-01A"	0	0	0	0.793947911648576	0	0
"TCGA-58-8388-01A"	0	0.91597549771493	0	0	0	0
"TCGA-58-8390-01A"	0	0	0	0.727659125055343	0	0
"TCGA-58-8391-01A"	0	0	0	0.526243927043003	0	0
"TCGA-58-8392-01A"	0	0	0.507331182345576	0	0	0
"TCGA-58-8393-01A"	0	0	0	1.04980790497665	0	0
"TCGA-58-A46J-01A"	0	0	0	0.700682847734379	0	0
"TCGA-58-A46K-01A"	0	0	0.495794246078662	0	0	0
"TCGA-58-A46L-01A"	0	0.68395319273252	0	0	0	0
"TCGA-58-A46M-01A"	0	0	0.661729841232027	0	0	0
"TCGA-58-A46N-01A"	0	0.37295421097466	0	0	0	0
"TCGA-60-2695-01A"	0.704669978150377	0	0	0	0	0
"TCGA-60-2696-01A"	0	0	0	0.898943221401743	0	0
"TCGA-60-2697-01A"	1.47833893007732	0	0	0	0	0
"TCGA-60-2698-01A"	0	0	0	0	1.22652317647698	0
"TCGA-60-2703-01A"	0	0	1.1974070578347	0	0	0
"TCGA-60-2704-01A"	1.76154081294255	0	0	0	0	0
"TCGA-60-2706-01A"	0.851573208326028	0	0	0	0	0
"TCGA-60-2707-01A"	0	0	0	1.55749924765841	0	0
"TCGA-60-2708-01A"	0	0	0	0	0	1.40991596554253
"TCGA-60-2709-11A"	0	0	0	2.24377010759671	0	0
"TCGA-60-2709-01A"	0	0	0	0	1.74248928218896	0
"TCGA-60-2710-01A"	0	0	0	0	0.898990398016635	0
"TCGA-60-2711-01A"	0	0.459540913113291	0	0	0	0
"TCGA-60-2712-01A"	1.49276834638916	0	0	0	0	0
"TCGA-60-2713-01A"	0	0	0	0	1.25806359575881	0
"TCGA-60-2714-01A"	0	1.227182240742	0	0	0	0
"TCGA-60-2715-01A"	0	0	0	0	1.29636604642304	0
"TCGA-60-2716-01A"	0	0	0	0.437507547412631	0	0
"TCGA-60-2719-01A"	0	0	0	0	0.627235061314987	0
"TCGA-60-2720-01A"	0	0	1.84610056438789	0	0	0
"TCGA-60-2721-01A"	0	0	0	0	0.875932718303066	0
"TCGA-60-2722-01A"	0	0	0	0	0	0.507011090707737
"TCGA-60-2723-01A"	0	0	0.972015209742469	0	0	0
"TCGA-60-2724-01A"	0	0	0	1.14095718563997	0	0
"TCGA-60-2725-01A"	0	0	0	1.41440053654103	0	0
"TCGA-60-2726-01A"	0	0.652284392538941	0	0	0	0
"TCGA-63-5128-01A"	0	0	0	0.716454684833807	0	0
"TCGA-63-5131-01A"	0	0	0	0.715557386743435	0	0
"TCGA-63-6202-01A"	0	0	0	0	1.48463594189422	0
"TCGA-63-7020-01A"	0	0	1.17348905837125	0	0	0
"TCGA-63-7021-01A"	0	0	0	1.01773850019234	0	0
"TCGA-63-7022-01A"	0	0	0	0	1.60845416055724	0
"TCGA-63-7023-01A"	0	0	0	0.522281408839085	0	0
"TCGA-63-A5M9-01A"	0	0	0	0.548069165651169	0	0
"TCGA-63-A5MB-01A"	0.557605630435342	0	0	0	0	0
"TCGA-63-A5MG-01A"	0	0	0	0.997394755447285	0	0
"TCGA-63-A5MH-01A"	0	0	0.702812259828082	0	0	0
"TCGA-63-A5MI-01A"	0	0.422568911346687	0	0	0	0
"TCGA-63-A5MJ-01A"	0	0	0.724097182166802	0	0	0
"TCGA-63-A5ML-01A"	0	0	0.644171188008426	0	0	0
"TCGA-63-A5MM-01A"	0	0	0	0	0	1.78992081127302
"TCGA-63-A5MN-01A"	0	0	0	0	0	2.3593359518177
"TCGA-63-A5MP-01A"	0	0.804219249337966	0	0	0	0
"TCGA-63-A5MR-01A"	0	0	0	1.11553230531414	0	0
"TCGA-63-A5MS-01A"	0	0	0	0	1.10653143738482	0
"TCGA-63-A5MT-01A"	0	0	0	1.06437454587501	0	0
"TCGA-63-A5MU-01A"	0	0	0	0.403474725219534	0	0
"TCGA-63-A5MV-01A"	0	0	0	0	0.899611198129724	0
"TCGA-63-A5MW-01A"	0	0	0.922861876606849	0	0	0
"TCGA-63-A5MY-01A"	0	0	0	0.434454350962013	0	0
"TCGA-66-2727-01A"	0	0	0	0	0.686337137641186	0
"TCGA-66-2734-01A"	0	0	0	1.2533000851599	0	0
"TCGA-66-2737-01A"	1.05445551823234	0	0	0	0	0
"TCGA-66-2742-01A"	0	0	0	0.896337971375374	0	0
"TCGA-66-2744-01A"	0	0	0	0	0	1.75294318566416
"TCGA-66-2753-01A"	0	0	1.33795535079492	0	0	0
"TCGA-66-2754-01A"	0.38010872227627	0	0	0	0	0
"TCGA-66-2755-01A"	0	0	0	1.43283937634961	0	0
"TCGA-66-2756-01A"	0	0.610652317903659	0	0	0	0
"TCGA-66-2757-01A"	0.718110667638289	0	0	0	0	0
"TCGA-66-2758-01A"	0	0	0	0.770315057976236	0	0
"TCGA-66-2759-01A"	0	0	0	0.85922869351254	0	0
"TCGA-66-2763-01A"	0	0	0	0.798980977014373	0	0
"TCGA-66-2765-01A"	0	0	1.55706619774329	0	0	0
"TCGA-66-2766-01A"	0	0	0	0	0.604412948553129	0
"TCGA-66-2767-01A"	0	0	0	0	1.28576152341161	0
"TCGA-66-2768-01A"	0	0	0	1.5518036787543	0	0
"TCGA-66-2769-01A"	0	0	0	1.40201710331966	0	0
"TCGA-66-2770-01A"	0	0	0	0	0.917711578900185	0
"TCGA-66-2771-01A"	0	0	0	1.27644661853254	0	0
"TCGA-66-2773-01A"	0	0	0	0.943362486808412	0	0
"TCGA-66-2777-01A"	0	0	0	0	0	1.068069433888
"TCGA-66-2778-01A"	0	0	0	1.10950261604605	0	0
"TCGA-66-2780-01A"	0	0	0	1.19947794570983	0	0
"TCGA-66-2781-01A"	0	0	0	0.855165518978435	0	0
"TCGA-66-2782-01A"	0	0	0	1.08123986860991	0	0
"TCGA-66-2783-01A"	0	0	0	0.702896572081259	0	0
"TCGA-66-2785-01A"	0	0	0	1.29353462424333	0	0
"TCGA-66-2786-01A"	0	0	0	0	0.989575323825973	0
"TCGA-66-2787-01A"	0	0	0	0	0.625026057193315	0
"TCGA-66-2788-01A"	0	0	0	1.44322714957958	0	0
"TCGA-66-2789-01A"	0	0	0	0	0.974753071825715	0
"TCGA-66-2790-01A"	0	0	0	0.992586411663574	0	0
"TCGA-66-2791-01A"	1.04261307825919	0	0	0	0	0
"TCGA-66-2792-01A"	0	0	0.589802037561682	0	0	0
"TCGA-66-2793-01A"	0	0	0.415965111788266	0	0	0
"TCGA-66-2794-01A"	0.919687129875732	0	0	0	0	0
"TCGA-66-2795-01A"	0	0	0	0	0.970876745397642	0
"TCGA-66-2800-01A"	0	0	0	0	0.914965480593472	0
"TCGA-68-7755-01A"	0	0	0.48594823221438	0	0	0
"TCGA-68-7756-01A"	0	0	0.980998987922162	0	0	0
"TCGA-68-7757-01B"	0	0.974759077266164	0	0	0	0
"TCGA-68-8250-01A"	0	0.95152181669289	0	0	0	0
"TCGA-68-8251-01A"	0	0	1.06087558053051	0	0	0
"TCGA-68-A59I-01A"	0	1.01540760416942	0	0	0	0
"TCGA-68-A59J-01A"	0	0	0.941941972656943	0	0	0
"TCGA-6A-AB49-01A"	0	0.622612120663096	0	0	0	0
"TCGA-70-6722-01A"	0	0	1.82428775665095	0	0	0
"TCGA-70-6723-01A"	0	0	0.421155959953382	0	0	0
"TCGA-77-6842-01A"	0	0	0	1.06509255159958	0	0
"TCGA-77-6843-01A"	0	0	0.535218575684208	0	0	0
"TCGA-77-6844-01A"	0	0.560255504714047	0	0	0	0
"TCGA-77-6845-01A"	0	0	0.458832735804847	0	0	0
"TCGA-77-7138-11A"	0	0	0	0	1.18899818092188	0
"TCGA-77-7138-01A"	0	0	0.927293042268396	0	0	0
"TCGA-77-7139-01A"	0	0.45625781420994	0	0	0	0
"TCGA-77-7140-01A"	0	0	0.515283072280178	0	0	0
"TCGA-77-7141-01A"	0.526966861437646	0	0	0	0	0
"TCGA-77-7142-11A"	0	0	0	0	1.2222561115591	0
"TCGA-77-7142-01A"	0	0	0	0	0.70640625181715	0
"TCGA-77-7335-11A"	0	0	0	0	1.73041096698652	0
"TCGA-77-7335-01A"	0	0	0	0	1.60848166641394	0
"TCGA-77-7337-11A"	0	0	0	0	1.54263954199223	0
"TCGA-77-7337-01A"	0	0	0	1.22940889960211	0	0
"TCGA-77-7338-11A"	0	1.36337292403835	0	0	0	0
"TCGA-77-7338-01A"	0	0	0	0	0	1.2059420644934
"TCGA-77-7463-01A"	0	0	0	0.592275227381461	0	0
"TCGA-77-7465-01A"	0	0	0.867769773399621	0	0	0
"TCGA-77-8007-11A"	0	0	0	0	2.12521082610103	0
"TCGA-77-8007-01A"	0	0	0	0	0	1.49780312376763
"TCGA-77-8008-11A"	0	0	0	0	1.5663465046205	0
"TCGA-77-8008-01A"	0	0	2.04598450757505	0	0	0
"TCGA-77-8009-01A"	0	0	0	0	0	0.682677089119816
"TCGA-77-8128-01A"	0	0	0.456398912786162	0	0	0
"TCGA-77-8130-01A"	0	0	0	0	0	1.70983834729844
"TCGA-77-8131-01A"	0	0	0	0	0	1.83638496175306
"TCGA-77-8133-01A"	0.845429330210999	0	0	0	0	0
"TCGA-77-8136-01A"	1.43548070919828	0	0	0	0	0
"TCGA-77-8138-01A"	0	0	0	0	0	1.29762042084297
"TCGA-77-8139-01A"	0	0.657751335533363	0	0	0	0
"TCGA-77-8140-01A"	0	0	0	0.535857774792085	0	0
"TCGA-77-8143-01A"	0	0	0	0.514968813099958	0	0
"TCGA-77-8144-01A"	0	0.671735218377719	0	0	0	0
"TCGA-77-8145-01A"	0	0	0.924618158599638	0	0	0
"TCGA-77-8146-01A"	0	0	0	0	0	0.891136393597366
"TCGA-77-8148-01A"	0	0.538553722612419	0	0	0	0
"TCGA-77-8150-01A"	0	0	0	0	0.729237200789651	0
"TCGA-77-8153-01A"	0	0	0.428422059729111	0	0	0
"TCGA-77-8154-01A"	0	0	0	0.451254327394	0	0
"TCGA-77-8156-01A"	0	0	0	0	0.960594885345452	0
"TCGA-77-A5FZ-01A"	1.90873004843188	0	0	0	0	0
"TCGA-77-A5G1-01A"	0	0	0	0	0	1.37347131625001
"TCGA-77-A5G3-01A"	0	0	0.51098709466516	0	0	0
"TCGA-77-A5G6-01A"	0	0.442772752945179	0	0	0	0
"TCGA-77-A5G7-01B"	0	0	0	0.440890526032853	0	0
"TCGA-77-A5G8-01B"	0	0	0	0	0	0.776631365756897
"TCGA-77-A5GA-01A"	0	0.492192481485681	0	0	0	0
"TCGA-77-A5GB-01B"	0	0	0	0	0	1.3529679491792
"TCGA-77-A5GF-01A"	0	0.558813632056052	0	0	0	0
"TCGA-77-A5GH-01A"	0	0	1.21686530020619	0	0	0
"TCGA-79-5596-01A"	0	0	0.514785493664892	0	0	0
"TCGA-85-6175-01A"	0	0	0	0	0	1.92532751445138
"TCGA-85-6560-01A"	0	0	0	0	0	0.931397479565739
"TCGA-85-6561-01A"	1.23035560214232	0	0	0	0	0
"TCGA-85-6798-01A"	0	0	0.49906232079653	0	0	0
"TCGA-85-7696-01A"	0	0	0	0	0.630144319744771	0
"TCGA-85-7697-01A"	0	0	0	0.78812643222131	0	0
"TCGA-85-7698-01A"	0	0.830589150989215	0	0	0	0
"TCGA-85-7699-01A"	0.958493456582994	0	0	0	0	0
"TCGA-85-7710-11A"	1.57249491705898	0	0	0	0	0
"TCGA-85-7710-01A"	0	0	0	0.837297416255666	0	0
"TCGA-85-7843-01A"	0	0	0	0.754415490351563	0	0
"TCGA-85-7844-01A"	0.89819901879587	0	0	0	0	0
"TCGA-85-7950-01A"	0	0	0	1.08768599056428	0	0
"TCGA-85-8048-01A"	0	1.28533193638229	0	0	0	0
"TCGA-85-8049-01A"	1.3500571866228	0	0	0	0	0
"TCGA-85-8052-01A"	0	0.594429620359197	0	0	0	0
"TCGA-85-8070-01A"	0	0.481568148971315	0	0	0	0
"TCGA-85-8071-01A"	0	0	0	0.441609492315311	0	0
"TCGA-85-8072-01A"	0.656040127534626	0	0	0	0	0
"TCGA-85-8276-01A"	0.957371725125248	0	0	0	0	0
"TCGA-85-8277-01A"	0	0.531468287720458	0	0	0	0
"TCGA-85-8287-01A"	0	1.23159793645559	0	0	0	0
"TCGA-85-8288-01A"	0	0	0.933504722014128	0	0	0
"TCGA-85-8350-01A"	0	0	1.15650356913376	0	0	0
"TCGA-85-8351-01A"	0	0	0.833913266359196	0	0	0
"TCGA-85-8352-01A"	0	0	0.39543213130482	0	0	0
"TCGA-85-8353-01A"	0	0	1.26240353722065	0	0	0
"TCGA-85-8354-01A"	0	0	0	0.383471305313295	0	0
"TCGA-85-8355-01A"	0	0	0	0	1.33866397749369	0
"TCGA-85-8479-01A"	0	0	0	0	0	0.740060545260235
"TCGA-85-8481-01A"	0	0	0	1.58567486236055	0	0
"TCGA-85-8580-01A"	0	0.509152917012313	0	0	0	0
"TCGA-85-8582-01A"	0	0	1.33749050305851	0	0	0
"TCGA-85-8584-01A"	0	1.23086089127739	0	0	0	0
"TCGA-85-8664-01A"	0	0	0	0.795165673125935	0	0
"TCGA-85-8666-01A"	0	0	0	1.04098706053449	0	0
"TCGA-85-A4CL-01A"	0	0.68376423668071	0	0	0	0
"TCGA-85-A4CN-01A"	0	0.654472759274216	0	0	0	0
"TCGA-85-A4JB-01A"	0	0	0	0.834521239011108	0	0
"TCGA-85-A4JC-01A"	0	0	0	1.31453369695363	0	0
"TCGA-85-A4PA-01A"	1.79377773968329	0	0	0	0	0
"TCGA-85-A4QQ-01A"	0	0	0	0	0	1.3496547472043
"TCGA-85-A4QR-01A"	0	0.433317688972755	0	0	0	0
"TCGA-85-A50M-01A"	0	0	0	1.3744577424415	0	0
"TCGA-85-A50Z-01A"	0	0	0	1.20262279860264	0	0
"TCGA-85-A510-01A"	0.705912827765803	0	0	0	0	0
"TCGA-85-A511-01A"	0	0	0	0.937382198695727	0	0
"TCGA-85-A512-01A"	0	0	0	0	0	0.52074225711222
"TCGA-85-A513-01A"	0	0	0	0	2.06805835957138	0
"TCGA-85-A53L-01A"	0	0	0	0.871051134569607	0	0
"TCGA-85-A5B5-01A"	0	0	0	0	0.458628497336201	0
"TCGA-90-6837-11A"	0	0	0	0	1.54059034533989	0
"TCGA-90-6837-01A"	0	0	0	0	1.32339760866666	0
"TCGA-90-7766-01A"	0	0	0	0.760709834264608	0	0
"TCGA-90-7767-11A"	0	0	0	0	1.68694363793293	0
"TCGA-90-7767-01A"	1.10950361664847	0	0	0	0	0
"TCGA-90-7769-01A"	0	0	0	0.500486337420412	0	0
"TCGA-90-7964-01A"	0.828130970346014	0	0	0	0	0
"TCGA-90-A4ED-01A"	0	0.804407197222138	0	0	0	0
"TCGA-90-A4EE-01A"	1.36756493789889	0	0	0	0	0
"TCGA-90-A59Q-01A"	0	0	0	1.25412640349851	0	0
"TCGA-92-7340-11A"	0	0	0	1.45918557418549	0	0
"TCGA-92-7340-01A"	0	0	0	1.1554281673984	0	0
"TCGA-92-7341-01A"	0	0	0.702139704903047	0	0	0
"TCGA-92-8063-01A"	0	0	0	0.831811999739672	0	0
"TCGA-92-8064-01A"	0	0	1.24526207590167	0	0	0
"TCGA-92-8065-01A"	0	0	0	0	1.07185552325454	0
"TCGA-94-7033-01A"	0	0	0	0.703968258249691	0	0
"TCGA-94-7557-01A"	0	0	0	0	0	0.724499884315462
"TCGA-94-7943-01A"	0	0	0	0	0.645711429587753	0
"TCGA-94-8035-01A"	0	0	0	0.586917803651498	0	0
"TCGA-94-8490-01A"	0	0	0	0.436460252779742	0	0
"TCGA-94-8491-01A"	0	0	0	0.767939999062253	0	0
"TCGA-94-A4VJ-01A"	0	0	1.06996040069286	0	0	0
"TCGA-94-A5I4-01A"	0	0	0	0.60763531740658	0	0
"TCGA-94-A5I6-01A"	0	0	0	0	0	0.656007007957045
"TCGA-96-7544-01A"	0	0	0	0	1.03830486743763	0
"TCGA-96-7545-01A"	0	0	0	0	0.954434939888741	0
"TCGA-96-8169-01A"	0	0	0	0.980082051346788	0	0
"TCGA-96-8170-01A"	0	0	0	0.925747879615724	0	0
"TCGA-96-A4JK-01A"	0	0.553065274293964	0	0	0	0
"TCGA-96-A4JL-01A"	1.10488650028023	0	0	0	0	0
"TCGA-98-7454-01A"	1.76355822403357	0	0	0	0	0
"TCGA-98-8020-01A"	0	0	0	0	0	1.59959132799844
"TCGA-98-8021-01A"	0	0	0	0	0.767162528622709	0
"TCGA-98-8022-01A"	1.0335842018051	0	0	0	0	0
"TCGA-98-8023-01A"	0	1.08892311432975	0	0	0	0
"TCGA-98-A538-01A"	0	0	0	0	0	0.677373139782912
"TCGA-98-A539-01A"	0	0	0	0	0	0.879654522956476
"TCGA-98-A53A-01A"	0	0.348921717028454	0	0	0	0
"TCGA-98-A53B-01A"	0	0	0.984652838486394	0	0	0
"TCGA-98-A53C-01A"	0	1.43099849273195	0	0	0	0
"TCGA-98-A53D-01A"	1.63880889930377	0	0	0	0	0
"TCGA-98-A53H-01A"	0	1.11860333592262	0	0	0	0
"TCGA-98-A53I-01A"	0.755343024440537	0	0	0	0	0
"TCGA-98-A53J-01A"	0	0	1.08862679696315	0	0	0
"TCGA-J1-A4AH-01A"	0	0.407718110971623	0	0	0	0
"TCGA-L3-A4E7-01A"	0	0	0	0.865422391997804	0	0
"TCGA-L3-A524-01A"	0	0	0.49436198339964	0	0	0
"TCGA-LA-A446-01A"	0.460119544164786	0	0	0	0	0
"TCGA-LA-A7SW-01A"	0	0.734288390516181	0	0	0	0
"TCGA-MF-A522-01A"	0	0	0.504916007808433	0	0	0
"TCGA-NC-A5HD-01A"	0	0	0	0.495044222977657	0	0
"TCGA-NC-A5HE-01A"	0	0	0	0	0	1.35335009059593
"TCGA-NC-A5HF-01A"	0	0	0.648862292568128	0	0	0
"TCGA-NC-A5HG-01A"	0	0.452000042050779	0	0	0	0
"TCGA-NC-A5HH-01A"	0	0	0.429234106117857	0	0	0
"TCGA-NC-A5HI-01A"	0	0	0	0.490524377880796	0	0
"TCGA-NC-A5HJ-01A"	0	0	0	0	1.07704650307943	0
"TCGA-NC-A5HK-01A"	0	0.707018296425949	0	0	0	0
"TCGA-NC-A5HL-01A"	0	0.648822572914196	0	0	0	0
"TCGA-NC-A5HM-01A"	0	0	0	0.886094947685465	0	0
"TCGA-NC-A5HN-01A"	0	0.362560672634069	0	0	0	0
"TCGA-NC-A5HO-01A"	0	0	0	0.639070356041684	0	0
"TCGA-NC-A5HP-01A"	0	0	0	0	0.719987932673062	0
"TCGA-NC-A5HQ-01A"	0	0	0	0.777385263411531	0	0
"TCGA-NC-A5HR-01A"	0.390987994991184	0	0	0	0	0
"TCGA-NC-A5HT-01A"	0	0.57312820997345	0	0	0	0
"TCGA-NK-A5CR-01A"	0	0	0.362999147195241	0	0	0
"TCGA-NK-A5CT-01A"	0	0	0	1.13539227839943	0	0
"TCGA-NK-A5CX-01A"	0	0	0	0	0	1.0474595951748
"TCGA-NK-A5D1-01A"	0	0.439811030127858	0	0	0	0
"TCGA-NK-A7XE-01A"	0	0	0	0.593608005862114	0	0
"TCGA-O2-A52N-01A"	0	0	0	0	0	1.0054214624857
"TCGA-O2-A52Q-01A"	0	0	0	0	0	1.87867606989761
"TCGA-O2-A52S-01A"	0	0	0	0	0.621021201248952	0
"TCGA-O2-A52V-01A"	0	0	0	0	0	0.980586402808659
"TCGA-O2-A52W-01A"	0	0	0	0.681461472961361	0	0
"TCGA-O2-A5IB-01A"	0	0.415544365160934	0	0	0	0
"TCGA-XC-AA0X-01A"	0	0	0	1.14492285236437	0	0
