                    B_cell T_cell.CD4 T_cell.CD8 Neutrophil Macrophage        DC
TCGA-3C-AAAU-01A 0.0000000  0.5863374  0.0000000  0.0000000  0.0000000 0.0000000
TCGA-3C-AALI-01A 0.0000000  0.8389209  0.0000000  0.0000000  0.0000000 0.0000000
TCGA-3C-AALJ-01A 0.0000000  0.0000000  0.0000000  0.0000000  0.0000000 0.8240103
TCGA-3C-AALK-01A 0.8510496  0.0000000  0.0000000  0.0000000  0.0000000 0.0000000
TCGA-4H-AAAK-01A 0.0000000  0.0000000  0.0000000  0.0000000  0.8309597 0.0000000
TCGA-5L-AAT0-01A 0.9363070  0.0000000  0.0000000  0.0000000  0.0000000 0.0000000
TCGA-5L-AAT1-01A 0.0000000  0.0000000  0.0000000  0.0000000  1.3876192 0.0000000
TCGA-5T-A9QA-01A 0.0000000  0.0000000  0.0000000  0.0000000  0.4304670 0.0000000
TCGA-A1-A0SB-01A 0.0000000  0.0000000  0.8423201  0.0000000  0.0000000 0.0000000
TCGA-A1-A0SD-01A 0.0000000  0.0000000  0.8329563  0.0000000  0.0000000 0.0000000
TCGA-A1-A0SE-01A 0.0000000  0.0000000  0.7144847  0.0000000  0.0000000 0.0000000
TCGA-A1-A0SF-01A 0.0000000  0.0000000  0.9505846  0.0000000  0.0000000 0.0000000
TCGA-A1-A0SG-01A 0.7679784  0.0000000  0.0000000  0.0000000  0.0000000 0.0000000
TCGA-A1-A0SH-01A 0.0000000  0.0000000  0.0000000  0.0000000  1.1104070 0.0000000
TCGA-A1-A0SI-01A 1.1616047  0.0000000  0.0000000  0.0000000  0.0000000 0.0000000
TCGA-A1-A0SJ-01A 0.0000000  0.0000000  0.0000000  0.0000000  0.8399450 0.0000000
TCGA-A1-A0SK-01A 0.0000000  0.0000000  0.0000000  0.4625963  0.0000000 0.0000000
TCGA-A1-A0SM-01A 0.0000000  0.0000000  0.0000000  0.0000000  1.0279034 0.0000000
TCGA-A1-A0SN-01A 0.9590721  0.0000000  0.0000000  0.0000000  0.0000000 0.0000000
TCGA-A1-A0SO-01A 0.0000000  0.6630912  0.0000000  0.0000000  0.0000000 0.0000000
TCGA-A1-A0SP-01A 0.0000000  0.0000000  0.0000000  1.0599284  0.0000000 0.0000000
TCGA-A1-A0SQ-01A 0.8302636  0.0000000  0.0000000  0.0000000  0.0000000 0.0000000
TCGA-A2-A04N-01A 0.0000000  0.0000000  0.0000000  0.0000000  0.8212668 0.0000000
TCGA-A2-A04P-01A 0.0000000  0.0000000  0.0000000  1.1132423  0.0000000 0.0000000
TCGA-A2-A04Q-01A 2.2694857  0.0000000  0.0000000  0.0000000  0.0000000 0.0000000
TCGA-A2-A04R-01A 0.0000000  0.0000000  0.4589718  0.0000000  0.0000000 0.0000000
TCGA-A2-A04T-01A 0.0000000  1.0160259  0.0000000  0.0000000  0.0000000 0.0000000
TCGA-A2-A04U-01A 0.0000000  0.0000000  0.0000000  0.6306388  0.0000000 0.0000000
TCGA-A2-A04V-01A 0.0000000  0.0000000  0.0000000  0.0000000  0.7021293 0.0000000
TCGA-A2-A04W-01A 0.0000000  0.0000000  1.1069803  0.0000000  0.0000000 0.0000000
TCGA-A2-A04X-01A 0.0000000  0.0000000  0.0000000  0.0000000  1.0543860 0.0000000
TCGA-A2-A04Y-01A 0.0000000  0.0000000  0.0000000  0.0000000  0.0000000 1.1129737
TCGA-A2-A0CK-01A 0.9024078  0.0000000  0.0000000  0.0000000  0.0000000 0.0000000
TCGA-A2-A0CL-01A 1.8160450  0.0000000  0.0000000  0.0000000  0.0000000 0.0000000
TCGA-A2-A0CM-01A 0.0000000  0.0000000  0.0000000  1.3568883  0.0000000 0.0000000
TCGA-A2-A0CO-01A 0.0000000  1.3300162  0.0000000  0.0000000  0.0000000 0.0000000
TCGA-A2-A0CP-01A 0.0000000  0.0000000  0.8607867  0.0000000  0.0000000 0.0000000
TCGA-A2-A0CQ-01A 0.0000000  0.0000000  0.0000000  0.0000000  0.0000000 0.9023437
TCGA-A2-A0CR-01A 0.0000000  1.6621533  0.0000000  0.0000000  0.0000000 0.0000000
TCGA-A2-A0CS-01A 0.0000000  0.0000000  0.0000000  0.0000000  0.0000000 0.8474907
TCGA-A2-A0CT-01A 0.0000000  0.0000000  0.0000000  0.0000000  0.5526396 0.0000000
TCGA-A2-A0CU-01A 0.0000000  0.6662351  0.0000000  0.0000000  0.0000000 0.0000000
TCGA-A2-A0CV-01A 0.0000000  0.0000000  1.0107319  0.0000000  0.0000000 0.0000000
TCGA-A2-A0CW-01A 0.8092394  0.0000000  0.0000000  0.0000000  0.0000000 0.0000000
TCGA-A2-A0CX-01A 0.0000000  0.0000000  0.0000000  0.0000000  1.1298229 0.0000000
TCGA-A2-A0CY-01A 0.0000000  0.0000000  0.0000000  0.7157882  0.0000000 0.0000000
TCGA-A2-A0CZ-01A 0.0000000  0.0000000  0.0000000  0.0000000  1.1376318 0.0000000
TCGA-A2-A0D0-01A 0.0000000  0.0000000  0.0000000  1.2729869  0.0000000 0.0000000
TCGA-A2-A0D1-01A 0.0000000  0.5137795  0.0000000  0.0000000  0.0000000 0.0000000
TCGA-A2-A0D2-01A 0.0000000  0.0000000  0.0000000  1.0593348  0.0000000 0.0000000
TCGA-A2-A0D3-01A 0.0000000  0.0000000  0.0000000  0.7021076  0.0000000 0.0000000
TCGA-A2-A0D4-01A 0.0000000  0.4859221  0.0000000  0.0000000  0.0000000 0.0000000
TCGA-A2-A0EM-01A 0.7152350  0.0000000  0.0000000  0.0000000  0.0000000 0.0000000
TCGA-A2-A0EN-01A 0.0000000  0.0000000  0.0000000  1.8176413  0.0000000 0.0000000
TCGA-A2-A0EO-01A 0.0000000  0.0000000  0.0000000  0.0000000  1.0388778 0.0000000
TCGA-A2-A0EP-01A 0.0000000  0.0000000  0.0000000  0.0000000  0.0000000 2.2680241
TCGA-A2-A0EQ-01A 1.4330904  0.0000000  0.0000000  0.0000000  0.0000000 0.0000000
TCGA-A2-A0ER-01A 0.0000000  0.0000000  0.0000000  0.0000000  0.0000000 0.6767096
TCGA-A2-A0ES-01A 0.0000000  0.0000000  1.1768571  0.0000000  0.0000000 0.0000000
TCGA-A2-A0ET-01A 0.0000000  0.0000000  0.0000000  0.5462501  0.0000000 0.0000000
TCGA-A2-A0EU-01A 0.0000000  0.0000000  0.0000000  0.6295690  0.0000000 0.0000000
TCGA-A2-A0EV-01A 0.0000000  0.0000000  0.0000000  0.0000000  0.0000000 1.0155337
TCGA-A2-A0EW-01A 0.0000000  0.0000000  1.3148254  0.0000000  0.0000000 0.0000000
TCGA-A2-A0EX-01A 0.0000000  0.0000000  0.0000000  0.0000000  0.7863099 0.0000000
TCGA-A2-A0EY-01A 0.0000000  0.0000000  0.0000000  1.0957964  0.0000000 0.0000000
TCGA-A2-A0ST-01A 2.2726048  0.0000000  0.0000000  0.0000000  0.0000000 0.0000000
TCGA-A2-A0SU-01A 0.8136340  0.0000000  0.0000000  0.0000000  0.0000000 0.0000000
TCGA-A2-A0SV-01A 0.0000000  0.0000000  0.0000000  0.0000000  0.0000000 1.2476165
TCGA-A2-A0SW-01A 1.1435972  0.0000000  0.0000000  0.0000000  0.0000000 0.0000000
TCGA-A2-A0SX-01A 0.0000000  1.5480231  0.0000000  0.0000000  0.0000000 0.0000000
TCGA-A2-A0SY-01A 1.0547470  0.0000000  0.0000000  0.0000000  0.0000000 0.0000000
TCGA-A2-A0T0-01A 0.0000000  0.0000000  0.0000000  0.9356516  0.0000000 0.0000000
TCGA-A2-A0T1-01A 0.0000000  0.0000000  0.0000000  0.0000000  0.0000000 1.5314594
TCGA-A2-A0T2-01A 0.0000000  0.0000000  1.1127576  0.0000000  0.0000000 0.0000000
TCGA-A2-A0T3-01A 0.0000000  0.6097766  0.0000000  0.0000000  0.0000000 0.0000000
TCGA-A2-A0T4-01A 0.0000000  0.0000000  0.0000000  0.0000000  0.0000000 1.0130135
TCGA-A2-A0T5-01A 0.0000000  0.7409790  0.0000000  0.0000000  0.0000000 0.0000000
TCGA-A2-A0T6-01A 1.2809137  0.0000000  0.0000000  0.0000000  0.0000000 0.0000000
TCGA-A2-A0T7-01A 0.0000000  0.0000000  0.0000000  0.0000000  0.9466092 0.0000000
TCGA-A2-A0YC-01A 0.0000000  0.0000000  0.0000000  0.0000000  0.7730452 0.0000000
TCGA-A2-A0YD-01A 0.0000000  0.0000000  0.0000000  1.2750384  0.0000000 0.0000000
TCGA-A2-A0YE-01A 0.0000000  0.0000000  0.9754594  0.0000000  0.0000000 0.0000000
TCGA-A2-A0YF-01A 0.0000000  0.0000000  0.0000000  0.0000000  0.8726937 0.0000000
TCGA-A2-A0YG-01A 0.0000000  0.0000000  0.0000000  0.0000000  0.6436249 0.0000000
TCGA-A2-A0YH-01A 0.0000000  0.0000000  0.0000000  0.0000000  1.0847274 0.0000000
TCGA-A2-A0YI-01A 0.0000000  0.0000000  0.0000000  0.0000000  1.2543432 0.0000000
TCGA-A2-A0YJ-01A 0.0000000  0.8575905  0.0000000  0.0000000  0.0000000 0.0000000
TCGA-A2-A0YK-01A 0.0000000  1.3938167  0.0000000  0.0000000  0.0000000 0.0000000
TCGA-A2-A0YL-01A 0.0000000  0.0000000  1.0297558  0.0000000  0.0000000 0.0000000
TCGA-A2-A0YM-01A 0.0000000  0.0000000  0.0000000  1.1547207  0.0000000 0.0000000
TCGA-A2-A0YT-01A 0.0000000  0.0000000  0.0000000  0.0000000  0.5867034 0.0000000
TCGA-A2-A1FV-01A 0.0000000  0.0000000  0.0000000  0.0000000  0.5809055 0.0000000
TCGA-A2-A1FW-01A 0.0000000  0.0000000  0.0000000  0.0000000  0.6242184 0.0000000
TCGA-A2-A1FX-01A 0.0000000  0.0000000  0.0000000  0.0000000  0.6649339 0.0000000
TCGA-A2-A1FZ-01A 0.0000000  0.0000000  0.0000000  0.0000000  1.0271366 0.0000000
TCGA-A2-A1G0-01A 0.9601484  0.0000000  0.0000000  0.0000000  0.0000000 0.0000000
TCGA-A2-A1G1-01A 0.0000000  0.0000000  0.0000000  1.4269733  0.0000000 0.0000000
TCGA-A2-A1G4-01A 0.0000000  0.0000000  0.0000000  0.0000000  0.7251264 0.0000000
TCGA-A2-A1G6-01A 0.0000000  0.0000000  0.0000000  0.0000000  1.0357521 0.0000000
TCGA-A2-A259-01A 0.0000000  0.0000000  0.0000000  0.8959997  0.0000000 0.0000000
TCGA-A2-A25A-01A 0.0000000  0.0000000  1.2061099  0.0000000  0.0000000 0.0000000
TCGA-A2-A25B-01A 0.0000000  0.0000000  0.0000000  0.0000000  0.0000000 0.8165370
TCGA-A2-A25C-01A 0.0000000  0.7491395  0.0000000  0.0000000  0.0000000 0.0000000
TCGA-A2-A25D-01A 1.1279635  0.0000000  0.0000000  0.0000000  0.0000000 0.0000000
TCGA-A2-A25E-01A 0.6104105  0.0000000  0.0000000  0.0000000  0.0000000 0.0000000
TCGA-A2-A25F-01A 0.0000000  0.0000000  0.0000000  0.0000000  0.0000000 2.7572635
TCGA-A2-A3KC-01A 0.9939212  0.0000000  0.0000000  0.0000000  0.0000000 0.0000000
TCGA-A2-A3KD-01A 0.0000000  0.0000000  0.0000000  0.0000000  0.7918701 0.0000000
TCGA-A2-A3XS-01A 0.0000000  0.8664064  0.0000000  0.0000000  0.0000000 0.0000000
TCGA-A2-A3XT-01A 0.0000000  0.0000000  0.0000000  1.6925607  0.0000000 0.0000000
TCGA-A2-A3XU-01A 0.0000000  0.0000000  0.0000000  0.0000000  0.0000000 0.7318845
TCGA-A2-A3XV-01A 0.0000000  0.0000000  0.0000000  0.7747345  0.0000000 0.0000000
TCGA-A2-A3XW-01A 0.0000000  0.0000000  0.0000000  0.0000000  0.0000000 1.0778036
TCGA-A2-A3XX-01A 0.0000000  0.9793466  0.0000000  0.0000000  0.0000000 0.0000000
TCGA-A2-A3XY-01A 0.0000000  1.3276441  0.0000000  0.0000000  0.0000000 0.0000000
TCGA-A2-A3XZ-01A 0.0000000  0.0000000  0.0000000  1.2455425  0.0000000 0.0000000
TCGA-A2-A3Y0-01A 0.0000000  0.0000000  0.0000000  2.3468173  0.0000000 0.0000000
TCGA-A2-A4RW-01A 0.0000000  0.8408034  0.0000000  0.0000000  0.0000000 0.0000000
TCGA-A2-A4RX-01A 0.0000000  1.1357106  0.0000000  0.0000000  0.0000000 0.0000000
TCGA-A2-A4RY-01A 0.0000000  1.0361160  0.0000000  0.0000000  0.0000000 0.0000000
TCGA-A2-A4S0-01A 0.0000000  0.0000000  0.0000000  0.0000000  0.6551709 0.0000000
TCGA-A2-A4S1-01A 0.0000000  0.0000000  0.0000000  0.0000000  1.8762650 0.0000000
TCGA-A2-A4S2-01A 0.0000000  0.9945236  0.0000000  0.0000000  0.0000000 0.0000000
TCGA-A2-A4S3-01A 0.0000000  0.0000000  0.0000000  0.0000000  0.0000000 0.7429826
TCGA-A7-A0CD-01A 0.0000000  0.0000000  0.5874260  0.0000000  0.0000000 0.0000000
TCGA-A7-A0CE-11A 0.0000000  0.0000000  0.0000000  0.0000000  1.1288663 0.0000000
TCGA-A7-A0CE-01A 0.0000000  0.0000000  0.0000000  0.9887946  0.0000000 0.0000000
TCGA-A7-A0CG-01A 1.0876073  0.0000000  0.0000000  0.0000000  0.0000000 0.0000000
TCGA-A7-A0CH-11A 0.0000000  0.0000000  0.0000000  0.0000000  1.3343025 0.0000000
TCGA-A7-A0CH-01A 0.0000000  0.0000000  0.7136835  0.0000000  0.0000000 0.0000000
TCGA-A7-A0CJ-01A 0.0000000  0.5204382  0.0000000  0.0000000  0.0000000 0.0000000
TCGA-A7-A0D9-11A 0.0000000  0.0000000  1.5626424  0.0000000  0.0000000 0.0000000
TCGA-A7-A0D9-01A 0.0000000  0.0000000  0.6583125  0.0000000  0.0000000 0.0000000
TCGA-A7-A0DA-01A 0.0000000  0.9513137  0.0000000  0.0000000  0.0000000 0.0000000
TCGA-A7-A0DB-11A 0.0000000  0.0000000  0.0000000  0.0000000  1.7910396 0.0000000
TCGA-A7-A0DB-01A 0.0000000  0.0000000  0.0000000  0.0000000  1.0125209 0.0000000
TCGA-A7-A13D-01A 0.0000000  0.0000000  0.0000000  1.0044035  0.0000000 0.0000000
TCGA-A7-A13E-11A 0.0000000  0.0000000  0.0000000  0.0000000  1.2734050 0.0000000
TCGA-A7-A13E-01A 0.0000000  0.0000000  0.7389322  0.0000000  0.0000000 0.0000000
TCGA-A7-A13F-11A 0.0000000  0.0000000  1.2963230  0.0000000  0.0000000 0.0000000
TCGA-A7-A13F-01A 0.0000000  0.0000000  0.0000000  0.0000000  0.7711275 0.0000000
TCGA-A7-A13G-11A 0.0000000  1.2315697  0.0000000  0.0000000  0.0000000 0.0000000
TCGA-A7-A13G-01A 0.0000000  0.0000000  0.5791125  0.0000000  0.0000000 0.0000000
TCGA-A7-A13H-01A 0.0000000  0.0000000  0.0000000  0.0000000  0.0000000 1.2689041
TCGA-A7-A26E-01A 0.0000000  0.0000000  0.0000000  0.0000000  0.7474423 0.0000000
TCGA-A7-A26F-01A 0.0000000  0.0000000  0.0000000  1.7445477  0.0000000 0.0000000
TCGA-A7-A26G-01A 0.0000000  0.0000000  0.0000000  0.0000000  1.3970326 0.0000000
TCGA-A7-A26H-01A 0.0000000  0.0000000  0.0000000  0.0000000  0.8606759 0.0000000
TCGA-A7-A26I-01A 0.0000000  0.0000000  0.0000000  0.0000000  1.2070973 0.0000000
TCGA-A7-A26J-01A 0.0000000  0.7364947  0.0000000  0.0000000  0.0000000 0.0000000
TCGA-A7-A2KD-01A 0.0000000  0.0000000  0.0000000  0.0000000  0.9235042 0.0000000
TCGA-A7-A3IY-01A 0.0000000  0.0000000  0.0000000  0.0000000  1.1285128 0.0000000
TCGA-A7-A3IZ-01A 0.0000000  0.0000000  0.0000000  0.0000000  0.6336970 0.0000000
TCGA-A7-A3J0-01A 0.8138118  0.0000000  0.0000000  0.0000000  0.0000000 0.0000000
TCGA-A7-A3J1-01A 1.1673608  0.0000000  0.0000000  0.0000000  0.0000000 0.0000000
TCGA-A7-A3RF-01A 0.0000000  0.0000000  0.0000000  0.0000000  0.5633443 0.0000000
TCGA-A7-A425-01A 0.0000000  0.0000000  0.0000000  1.0729442  0.0000000 0.0000000
TCGA-A7-A426-01A 0.0000000  0.8409796  0.0000000  0.0000000  0.0000000 0.0000000
TCGA-A7-A4SA-01A 0.0000000  1.0498011  0.0000000  0.0000000  0.0000000 0.0000000
TCGA-A7-A4SB-01A 0.0000000  0.0000000  0.6054608  0.0000000  0.0000000 0.0000000
TCGA-A7-A4SC-01A 0.0000000  0.0000000  0.0000000  1.0152419  0.0000000 0.0000000
TCGA-A7-A4SD-01A 0.0000000  0.0000000  0.0000000  1.3606473  0.0000000 0.0000000
TCGA-A7-A4SE-01A 0.0000000  0.0000000  0.0000000  0.9976318  0.0000000 0.0000000
TCGA-A7-A4SF-01A 0.6528906  0.0000000  0.0000000  0.0000000  0.0000000 0.0000000
TCGA-A7-A56D-01A 0.0000000  0.0000000  0.0000000  0.0000000  0.0000000 0.9758122
TCGA-A7-A5ZV-01A 0.0000000  0.0000000  0.0000000  0.0000000  1.1496523 0.0000000
 [ reached getOption("max.print") -- omitted 1046 rows ]
